70.3503207000
70.3336540000
70.3169873000
70.3003206000
70.2836539000
70.2669872000
70.2503205000
70.2336538000
70.2169871000
70.2003204000
70.1836537000
70.1669870000
70.1503203000
70.1336536000
70.1169869000
70.1003202000
70.0836535000
70.0669868000
70.0503201000
70.0336534000
70.0169867000
70.0003200000
69.9836533000
69.9669866000
69.9503199000
69.9336532000
69.9169865000
69.9003198000
69.8836531000
69.8669864000
69.8503197000
69.8336530000
69.8169863000
69.8003196000
69.7836529000
69.7669862000
69.7503195000
69.7336528000
69.7169861000
69.7003194000
69.6836527000
69.6669860000
69.6503193000
69.6336526000
69.6169859000
69.6003192000
69.5836525000
69.5669858000
69.5503191000
69.5336524000
69.5169857000
69.5003190000
69.4836523000
69.4669856000
69.4503189000
69.4336522000
69.4169855000
69.4003188000
69.3836521000
69.3669854000
69.3503187000
69.3336520000
69.3169853000
69.3003186000
69.2836519000
69.2669852000
69.2503185000
69.2336518000
69.2169851000
69.2003184000
69.1836517000
69.1669850000
69.1503183000
69.1336516000
69.1169849000
69.1003182000
69.0836515000
69.0669848000
69.0503181000
69.0336514000
69.0169847000
69.0003180000
68.9836513000
68.9669846000
68.9503179000
68.9336512000
68.9169845000
68.9003178000
68.8836511000
68.8669844000
68.8503177000
68.8336510000
68.8169843000
68.8003176000
68.7836509000
68.7669842000
68.7503175000
68.7336508000
68.7169841000
68.7003174000
68.6836507000
68.6669840000
68.6503173000
68.6336506000
68.6169839000
68.6003172000
68.5836505000
68.5669838000
68.5503171000
68.5336504000
68.5169837000
68.5003170000
68.4836503000
68.4669836000
68.4503169000
68.4336502000
68.4169835000
68.4003168000
68.3836501000
68.3669834000
68.3503167000
68.3336500000
68.3169833000
68.3003166000
68.2836499000
68.2669832000
68.2503165000
68.2336498000
68.2169831000
68.2003164000
68.1836497000
68.1669830000
68.1503163000
68.1336496000
68.1169829000
68.1003162000
68.0836495000
68.0669828000
68.0503161000
68.0336494000
68.0169827000
68.0003160000
67.9836493000
67.9669826000
67.9503159000
67.9336492000
67.9169825000
67.9003158000
67.8836491000
67.8669824000
67.8503157000
67.8336490000
67.8169823000
67.8003156000
67.7836489000
67.7669822000
67.7503155000
67.7336488000
67.7169821000
67.7003154000
67.6836487000
67.6669820000
67.6503153000
67.6336486000
67.6169819000
67.6003152000
67.5836485000
67.5669818000
67.5503151000
67.5336484000
67.5169817000
67.5003150000
67.4836483000
67.4669816000
67.4503149000
67.4336482000
67.4169815000
67.4003148000
67.3836481000
67.3669814000
67.3503147000
67.3336480000
67.3169813000
67.3003146000
67.2836479000
67.2669812000
67.2503145000
67.2336478000
67.2169811000
67.2003144000
67.1836477000
67.1669810000
67.1503143000
67.1336476000
67.1169809000
67.1003142000
67.0836475000
67.0669808000
67.0503141000
67.0336474000
67.0169807000
67.0003140000
66.9836473000
66.9669806000
66.9503139000
66.9336472000
66.9169805000
66.9003138000
66.8836471000
66.8669804000
66.8503137000
66.8336470000
66.8169803000
66.8003136000
66.7836469000
66.7669802000
66.7503135000
66.7336468000
66.7169801000
66.7003134000
66.6836467000
66.6669800000
66.6503133000
66.6336466000
66.6169799000
66.6003132000
66.5836465000
66.5669798000
66.5503131000
66.5336464000
66.5169797000
66.5003130000
66.4836463000
66.4669796000
66.4503129000
66.4336462000
66.4169795000
66.4003128000
66.3836461000
66.3669794000
66.3503127000
66.3336460000
66.3169793000
66.3003126000
66.2836459000
66.2669792000
66.2503125000
66.2336458000
66.2169791000
66.2003124000
66.1836457000
66.1669790000
66.1503123000
66.1336456000
66.1169789000
66.1003122000
66.0836455000
66.0669788000
66.0503121000
66.0336454000
66.0169787000
66.0003120000
65.9836453000
65.9669786000
65.9503119000
65.9336452000
65.9169785000
65.9003118000
65.8836451000
65.8669784000
65.8503117000
65.8336450000
65.8169783000
65.8003116000
65.7836449000
65.7669782000
65.7503115000
65.7336448000
65.7169781000
65.7003114000
65.6836447000
65.6669780000
65.6503113000
65.6336446000
65.6169779000
65.6003112000
65.5836445000
65.5669778000
65.5503111000
65.5336444000
65.5169777000
65.5003110000
65.4836443000
65.4669776000
65.4503109000
65.4336442000
65.4169775000
65.4003108000
65.3836441000
65.3669774000
65.3503107000
65.3336440000
65.3169773000
65.3003106000
65.2836439000
65.2669772000
65.2503105000
65.2336438000
65.2169771000
65.2003104000
65.1836437000
65.1669770000
65.1503103000
65.1336436000
65.1169769000
65.1003102000
65.0836435000
65.0669768000
65.0503101000
65.0336434000
65.0169767000
65.0003100000
64.9836433000
64.9669766000
64.9503099000
64.9336432000
64.9169765000
64.9003098000
64.8836431000
64.8669764000
64.8503097000
64.8336430000
64.8169763000
64.8003096000
64.7836429000
64.7669762000
64.7503095000
64.7336428000
64.7169761000
64.7003094000
64.6836427000
64.6669760000
64.6503093000
64.6336426000
64.6169759000
64.6003092000
64.5836425000
64.5669758000
64.5503091000
64.5336424000
64.5169757000
64.5003090000
64.4836423000
64.4669756000
64.4503089000
64.4336422000
64.4169755000
64.4003088000
64.3836421000
64.3669754000
64.3503087000
64.3336420000
64.3169753000
64.3003086000
64.2836419000
64.2669752000
64.2503085000
64.2336418000
64.2169751000
64.2003084000
64.1836417000
64.1669750000
64.1503083000
64.1336416000
64.1169749000
64.1003082000
64.0836415000
64.0669748000
64.0503081000
64.0336414000
64.0169747000
64.0003080000
63.9836413000
63.9669746000
63.9503079000
63.9336412000
63.9169745000
63.9003078000
63.8836411000
63.8669744000
63.8503077000
63.8336410000
63.8169743000
63.8003076000
63.7836409000
63.7669742000
63.7503075000
63.7336408000
63.7169741000
63.7003074000
63.6836407000
63.6669740000
63.6503073000
63.6336406000
63.6169739000
63.6003072000
63.5836405000
63.5669738000
63.5503071000
63.5336404000
63.5169737000
63.5003070000
63.4836403000
63.4669736000
63.4503069000
63.4336402000
63.4169735000
63.4003068000
63.3836401000
63.3669734000
63.3503067000
63.3336400000
63.3169733000
63.3003066000
63.2836399000
63.2669732000
63.2503065000
63.2336398000
63.2169731000
63.2003064000
63.1836397000
63.1669730000
63.1503063000
63.1336396000
63.1169729000
63.1003062000
63.0836395000
63.0669728000
63.0503061000
63.0336394000
63.0169727000
63.0003060000
62.9836393000
62.9669726000
62.9503059000
62.9336392000
62.9169725000
62.9003058000
62.8836391000
62.8669724000
62.8503057000
62.8336390000
62.8169723000
62.8003056000
62.7836389000
62.7669722000
62.7503055000
62.7336388000
62.7169721000
62.7003054000
62.6836387000
62.6669720000
62.6503053000
62.6336386000
62.6169719000
62.6003052000
62.5836385000
62.5669718000
62.5503051000
62.5336384000
62.5169717000
62.5003050000
62.4836383000
62.4669716000
62.4503049000
62.4336382000
62.4169715000
62.4003048000
62.3836381000
62.3669714000
62.3503047000
62.3336380000
62.3169713000
62.3003046000
62.2836379000
62.2669712000
62.2503045000
62.2336378000
62.2169711000
62.2003044000
62.1836377000
62.1669710000
62.1503043000
62.1336376000
62.1169709000
62.1003042000
62.0836375000
62.0669708000
62.0503041000
62.0336374000
62.0169707000
62.0003040000
61.9836373000
61.9669706000
61.9503039000
61.9336372000
61.9169705000
61.9003038000
61.8836371000
61.8669704000
61.8503037000
61.8336370000
61.8169703000
61.8003036000
61.7836369000
61.7669702000
61.7503035000
61.7336368000
61.7169701000
61.7003034000
61.6836367000
61.6669700000
61.6503033000
61.6336366000
61.6169699000
61.6003032000
61.5836365000
61.5669698000
61.5503031000
61.5336364000
61.5169697000
61.5003030000
61.4836363000
61.4669696000
61.4503029000
61.4336362000
61.4169695000
61.4003028000
61.3836361000
61.3669694000
61.3503027000
61.3336360000
61.3169693000
61.3003026000
61.2836359000
61.2669692000
61.2503025000
61.2336358000
61.2169691000
61.2003024000
61.1836357000
61.1669690000
61.1503023000
61.1336356000
61.1169689000
61.1003022000
61.0836355000
61.0669688000
61.0503021000
61.0336354000
61.0169687000
61.0003020000
60.9836353000
60.9669686000
60.9503019000
60.9336352000
60.9169685000
60.9003018000
60.8836351000
60.8669684000
60.8503017000
60.8336350000
60.8169683000
60.8003016000
60.7836349000
60.7669682000
60.7503015000
60.7336348000
60.7169681000
60.7003014000
60.6836347000
60.6669680000
60.6503013000
60.6336346000
60.6169679000
60.6003012000
60.5836345000
60.5669678000
60.5503011000
60.5336344000
60.5169677000
60.5003010000
60.4836343000
60.4669676000
60.4503009000
60.4336342000
60.4169675000
60.4003008000
60.3836341000
60.3669674000
60.3503007000
60.3336340000
60.3169673000
60.3003006000
60.2836339000
60.2669672000
60.2503005000
60.2336338000
60.2169671000
60.2003004000
60.1836337000
60.1669670000
60.1503003000
60.1336336000
60.1169669000
60.1003002000
60.0836335000
60.0669668000
60.0503001000
60.0336334000
60.0169667000
60.0003000000
59.9836333000
59.9669666000
59.9502999000
59.9336332000
59.9169665000
59.9002998000
59.8836331000
59.8669664000
59.8502997000
59.8336330000
59.8169663000
59.8002996000
59.7836329000
59.7669662000
59.7502995000
59.7336328000
59.7169661000
59.7002994000
59.6836327000
59.6669660000
59.6502993000
59.6336326000
59.6169659000
59.6002992000
59.5836325000
59.5669658000
59.5502991000
59.5336324000
59.5169657000
59.5002990000
59.4836323000
59.4669656000
59.4502989000
59.4336322000
59.4169655000
59.4002988000
59.3836321000
59.3669654000
59.3502987000
59.3336320000
59.3169653000
59.3002986000
59.2836319000
59.2669652000
59.2502985000
59.2336318000
59.2169651000
59.2002984000
59.1836317000
59.1669650000
59.1502983000
59.1336316000
59.1169649000
59.1002982000
59.0836315000
59.0669648000
59.0502981000
59.0336314000
59.0169647000
59.0002980000
58.9836313000
58.9669646000
58.9502979000
58.9336312000
58.9169645000
58.9002978000
58.8836311000
58.8669644000
58.8502977000
58.8336310000
58.8169643000
58.8002976000
58.7836309000
58.7669642000
58.7502975000
58.7336308000
58.7169641000
58.7002974000
58.6836307000
58.6669640000
58.6502973000
58.6336306000
58.6169639000
58.6002972000
58.5836305000
58.5669638000
58.5502971000
58.5336304000
58.5169637000
58.5002970000
58.4836303000
58.4669636000
58.4502969000
58.4336302000
58.4169635000
58.4002968000
58.3836301000
58.3669634000
58.3502967000
58.3336300000
58.3169633000
58.3002966000
58.2836299000
58.2669632000
58.2502965000
58.2336298000
58.2169631000
58.2002964000
58.1836297000
58.1669630000
58.1502963000
58.1336296000
58.1169629000
58.1002962000
58.0836295000
58.0669628000
58.0502961000
58.0336294000
58.0169627000
58.0002960000
57.9836293000
57.9669626000
57.9502959000
57.9336292000
57.9169625000
57.9002958000
57.8836291000
57.8669624000
57.8502957000
57.8336290000
57.8169623000
57.8002956000
57.7836289000
57.7669622000
57.7502955000
57.7336288000
57.7169621000
57.7002954000
57.6836287000
57.6669620000
57.6502953000
57.6336286000
57.6169619000
57.6002952000
57.5836285000
57.5669618000
57.5502951000
57.5336284000
57.5169617000
57.5002950000
57.4836283000
57.4669616000
57.4502949000
57.4336282000
57.4169615000
57.4002948000
57.3836281000
57.3669614000
57.3502947000
57.3336280000
57.3169613000
57.3002946000
57.2836279000
57.2669612000
57.2502945000
57.2336278000
57.2169611000
57.2002944000
57.1836277000
57.1669610000
57.1502943000
57.1336276000
57.1169609000
57.1002942000
57.0836275000
57.0669608000
57.0502941000
57.0336274000
57.0169607000
57.0002940000
56.9836273000
56.9669606000
56.9502939000
56.9336272000
56.9169605000
56.9002938000
56.8836271000
56.8669604000
56.8502937000
56.8336270000
56.8169603000
56.8002936000
56.7836269000
56.7669602000
56.7502935000
56.7336268000
56.7169601000
56.7002934000
56.6836267000
56.6669600000
56.6502933000
56.6336266000
56.6169599000
56.6002932000
56.5836265000
56.5669598000
56.5502931000
56.5336264000
56.5169597000
56.5002930000
56.4836263000
56.4669596000
56.4502929000
56.4336262000
56.4169595000
56.4002928000
56.3836261000
56.3669594000
56.3502927000
56.3336260000
56.3169593000
56.3002926000
56.2836259000
56.2669592000
56.2502925000
56.2336258000
56.2169591000
56.2002924000
56.1836257000
56.1669590000
56.1502923000
56.1336256000
56.1169589000
56.1002922000
56.0836255000
56.0669588000
56.0502921000
56.0336254000
56.0169587000
56.0002920000
55.9836253000
55.9669586000
55.9502919000
55.9336252000
55.9169585000
55.9002918000
55.8836251000
55.8669584000
55.8502917000
55.8336250000
55.8169583000
55.8002916000
55.7836249000
55.7669582000
55.7502915000
55.7336248000
55.7169581000
55.7002914000
55.6836247000
55.6669580000
55.6502913000
55.6336246000
55.6169579000
55.6002912000
55.5836245000
55.5669578000
55.5502911000
55.5336244000
55.5169577000
55.5002910000
55.4836243000
55.4669576000
55.4502909000
55.4336242000
55.4169575000
55.4002908000
55.3836241000
55.3669574000
55.3502907000
55.3336240000
55.3169573000
55.3002906000
55.2836239000
55.2669572000
55.2502905000
55.2336238000
55.2169571000
55.2002904000
55.1836237000
55.1669570000
55.1502903000
55.1336236000
55.1169569000
55.1002902000
55.0836235000
55.0669568000
55.0502901000
55.0336234000
55.0169567000
55.0002900000
54.9836233000
54.9669566000
54.9502899000
54.9336232000
54.9169565000
54.9002898000
54.8836231000
54.8669564000
54.8502897000
54.8336230000
54.8169563000
54.8002896000
54.7836229000
54.7669562000
54.7502895000
54.7336228000
54.7169561000
54.7002894000
54.6836227000
54.6669560000
54.6502893000
54.6336226000
54.6169559000
54.6002892000
54.5836225000
54.5669558000
54.5502891000
54.5336224000
54.5169557000
54.5002890000
54.4836223000
54.4669556000
54.4502889000
54.4336222000
54.4169555000
54.4002888000
54.3836221000
54.3669554000
54.3502887000
54.3336220000
54.3169553000
54.3002886000
54.2836219000
54.2669552000
54.2502885000
54.2336218000
54.2169551000
54.2002884000
54.1836217000
54.1669550000
54.1502883000
54.1336216000
54.1169549000
54.1002882000
54.0836215000
54.0669548000
54.0502881000
54.0336214000
54.0169547000
54.0002880000
53.9836213000
53.9669546000
53.9502879000
53.9336212000
53.9169545000
53.9002878000
53.8836211000
53.8669544000
53.8502877000
53.8336210000
53.8169543000
53.8002876000
53.7836209000
53.7669542000
53.7502875000
53.7336208000
53.7169541000
53.7002874000
53.6836207000
53.6669540000
53.6502873000
53.6336206000
53.6169539000
53.6002872000
53.5836205000
53.5669538000
53.5502871000
53.5336204000
53.5169537000
53.5002870000
53.4836203000
53.4669536000
53.4502869000
53.4336202000
53.4169535000
53.4002868000
53.3836201000
53.3669534000
53.3502867000
53.3336200000
53.3169533000
53.3002866000
53.2836199000
53.2669532000
53.2502865000
53.2336198000
53.2169531000
53.2002864000
53.1836197000
53.1669530000
53.1502863000
53.1336196000
53.1169529000
53.1002862000
53.0836195000
53.0669528000
53.0502861000
53.0336194000
53.0169527000
53.0002860000
52.9836193000
52.9669526000
52.9502859000
52.9336192000
52.9169525000
52.9002858000
52.8836191000
52.8669524000
52.8502857000
52.8336190000
52.8169523000
52.8002856000
52.7836189000
52.7669522000
52.7502855000
52.7336188000
52.7169521000
52.7002854000
52.6836187000
52.6669520000
52.6502853000
52.6336186000
52.6169519000
52.6002852000
52.5836185000
52.5669518000
52.5502851000
52.5336184000
52.5169517000
52.5002850000
52.4836183000
52.4669516000
52.4502849000
52.4336182000
52.4169515000
52.4002848000
52.3836181000
52.3669514000
52.3502847000
52.3336180000
52.3169513000
52.3002846000
52.2836179000
52.2669512000
52.2502845000
52.2336178000
52.2169511000
52.2002844000
52.1836177000
52.1669510000
52.1502843000
52.1336176000
52.1169509000
52.1002842000
52.0836175000
52.0669508000
52.0502841000
52.0336174000
52.0169507000
52.0002840000
51.9836173000
51.9669506000
51.9502839000
51.9336172000
51.9169505000
51.9002838000
51.8836171000
51.8669504000
51.8502837000
51.8336170000
51.8169503000
51.8002836000
51.7836169000
51.7669502000
51.7502835000
51.7336168000
51.7169501000
51.7002834000
51.6836167000
51.6669500000
51.6502833000
51.6336166000
51.6169499000
51.6002832000
51.5836165000
51.5669498000
51.5502831000
51.5336164000
51.5169497000
51.5002830000
51.4836163000
51.4669496000
51.4502829000
51.4336162000
51.4169495000
51.4002828000
51.3836161000
51.3669494000
51.3502827000
51.3336160000
51.3169493000
51.3002826000
51.2836159000
51.2669492000
51.2502825000
51.2336158000
51.2169491000
51.2002824000
51.1836157000
51.1669490000
51.1502823000
51.1336156000
51.1169489000
51.1002822000
51.0836155000
51.0669488000
51.0502821000
51.0336154000
51.0169487000
51.0002820000
50.9836153000
50.9669486000
50.9502819000
50.9336152000
50.9169485000
50.9002818000
50.8836151000
50.8669484000
50.8502817000
50.8336150000
50.8169483000
50.8002816000
50.7836149000
50.7669482000
50.7502815000
50.7336148000
50.7169481000
50.7002814000
50.6836147000
50.6669480000
50.6502813000
50.6336146000
50.6169479000
50.6002812000
50.5836145000
50.5669478000
50.5502811000
50.5336144000
50.5169477000
50.5002810000
50.4836143000
50.4669476000
50.4502809000
50.4336142000
50.4169475000
50.4002808000
50.3836141000
50.3669474000
50.3502807000
50.3336140000
50.3169473000
50.3002806000
50.2836139000
50.2669472000
50.2502805000
50.2336138000
50.2169471000
50.2002804000
50.1836137000
50.1669470000
50.1502803000
50.1336136000
50.1169469000
50.1002802000
50.0836135000
50.0669468000
50.0502801000
50.0336134000
50.0169467000
50.0002800000
49.9836133000
49.9669466000
49.9502799000
49.9336132000
49.9169465000
49.9002798000
49.8836131000
49.8669464000
49.8502797000
49.8336130000
49.8169463000
49.8002796000
49.7836129000
49.7669462000
49.7502795000
49.7336128000
49.7169461000
49.7002794000
49.6836127000
49.6669460000
49.6502793000
49.6336126000
49.6169459000
49.6002792000
49.5836125000
49.5669458000
49.5502791000
49.5336124000
49.5169457000
49.5002790000
49.4836123000
49.4669456000
49.4502789000
49.4336122000
49.4169455000
49.4002788000
49.3836121000
49.3669454000
49.3502787000
49.3336120000
49.3169453000
49.3002786000
49.2836119000
49.2669452000
49.2502785000
49.2336118000
49.2169451000
49.2002784000
49.1836117000
49.1669450000
49.1502783000
49.1336116000
49.1169449000
49.1002782000
49.0836115000
49.0669448000
49.0502781000
49.0336114000
49.0169447000
49.0002780000
48.9836113000
48.9669446000
48.9502779000
48.9336112000
48.9169445000
48.9002778000
48.8836111000
48.8669444000
48.8502777000
48.8336110000
48.8169443000
48.8002776000
48.7836109000
48.7669442000
48.7502775000
48.7336108000
48.7169441000
48.7002774000
48.6836107000
48.6669440000
48.6502773000
48.6336106000
48.6169439000
48.6002772000
48.5836105000
48.5669438000
48.5502771000
48.5336104000
48.5169437000
48.5002770000
48.4836103000
48.4669436000
48.4502769000
48.4336102000
48.4169435000
48.4002768000
48.3836101000
48.3669434000
48.3502767000
48.3336100000
48.3169433000
48.3002766000
48.2836099000
48.2669432000
48.2502765000
48.2336098000
48.2169431000
48.2002764000
48.1836097000
48.1669430000
48.1502763000
48.1336096000
48.1169429000
48.1002762000
48.0836095000
48.0669428000
48.0502761000
48.0336094000
48.0169427000
48.0002760000
47.9836093000
47.9669426000
47.9502759000
47.9336092000
47.9169425000
47.9002758000
47.8836091000
47.8669424000
47.8502757000
47.8336090000
47.8169423000
47.8002756000
47.7836089000
47.7669422000
47.7502755000
47.7336088000
47.7169421000
47.7002754000
47.6836087000
47.6669420000
47.6502753000
47.6336086000
47.6169419000
47.6002752000
47.5836085000
47.5669418000
47.5502751000
47.5336084000
47.5169417000
47.5002750000
47.4836083000
47.4669416000
47.4502749000
47.4336082000
47.4169415000
47.4002748000
47.3836081000
47.3669414000
47.3502747000
47.3336080000
47.3169413000
47.3002746000
47.2836079000
47.2669412000
47.2502745000
47.2336078000
47.2169411000
47.2002744000
47.1836077000
47.1669410000
47.1502743000
47.1336076000
47.1169409000
47.1002742000
47.0836075000
47.0669408000
47.0502741000
47.0336074000
47.0169407000
47.0002740000
46.9836073000
46.9669406000
46.9502739000
46.9336072000
46.9169405000
46.9002738000
46.8836071000
46.8669404000
46.8502737000
46.8336070000
46.8169403000
46.8002736000
46.7836069000
46.7669402000
46.7502735000
46.7336068000
46.7169401000
46.7002734000
46.6836067000
46.6669400000
46.6502733000
46.6336066000
46.6169399000
46.6002732000
46.5836065000
46.5669398000
46.5502731000
46.5336064000
46.5169397000
46.5002730000
46.4836063000
46.4669396000
46.4502729000
46.4336062000
46.4169395000
46.4002728000
46.3836061000
46.3669394000
46.3502727000
46.3336060000
46.3169393000
46.3002726000
46.2836059000
46.2669392000
46.2502725000
46.2336058000
46.2169391000
46.2002724000
46.1836057000
46.1669390000
46.1502723000
46.1336056000
46.1169389000
46.1002722000
46.0836055000
46.0669388000
46.0502721000
46.0336054000
46.0169387000
46.0002720000
45.9836053000
45.9669386000
45.9502719000
45.9336052000
45.9169385000
45.9002718000
45.8836051000
45.8669384000
45.8502717000
45.8336050000
45.8169383000
45.8002716000
45.7836049000
45.7669382000
45.7502715000
45.7336048000
45.7169381000
45.7002714000
45.6836047000
45.6669380000
45.6502713000
45.6336046000
45.6169379000
45.6002712000
45.5836045000
45.5669378000
45.5502711000
45.5336044000
45.5169377000
45.5002710000
45.4836043000
45.4669376000
45.4502709000
45.4336042000
45.4169375000
45.4002708000
45.3836041000
45.3669374000
45.3502707000
45.3336040000
45.3169373000
45.3002706000
45.2836039000
45.2669372000
45.2502705000
45.2336038000
45.2169371000
45.2002704000
45.1836037000
45.1669370000
45.1502703000
45.1336036000
45.1169369000
45.1002702000
45.0836035000
45.0669368000
45.0502701000
45.0336034000
45.0169367000
45.0002700000
44.9836033000
44.9669366000
44.9502699000
44.9336032000
44.9169365000
44.9002698000
44.8836031000
44.8669364000
44.8502697000
44.8336030000
44.8169363000
44.8002696000
44.7836029000
44.7669362000
44.7502695000
44.7336028000
44.7169361000
44.7002694000
44.6836027000
44.6669360000
44.6502693000
44.6336026000
44.6169359000
44.6002692000
44.5836025000
44.5669358000
44.5502691000
44.5336024000
44.5169357000
44.5002690000
44.4836023000
44.4669356000
44.4502689000
44.4336022000
44.4169355000
44.4002688000
44.3836021000
44.3669354000
44.3502687000
44.3336020000
44.3169353000
44.3002686000
44.2836019000
44.2669352000
44.2502685000
44.2336018000
44.2169351000
44.2002684000
44.1836017000
44.1669350000
44.1502683000
44.1336016000
44.1169349000
44.1002682000
44.0836015000
44.0669348000
44.0502681000
44.0336014000
44.0169347000
44.0002680000
43.9836013000
43.9669346000
43.9502679000
43.9336012000
43.9169345000
43.9002678000
43.8836011000
43.8669344000
43.8502677000
43.8336010000
43.8169343000
43.8002676000
43.7836009000
43.7669342000
43.7502675000
43.7336008000
43.7169341000
43.7002674000
43.6836007000
43.6669340000
43.6502673000
43.6336006000
43.6169339000
43.6002672000
43.5836005000
43.5669338000
43.5502671000
43.5336004000
43.5169337000
43.5002670000
43.4836003000
43.4669336000
43.4502669000
43.4336002000
43.4169335000
43.4002668000
43.3836001000
43.3669334000
43.3502667000
43.3336000000
43.3169333000
43.3002666000
43.2835999000
43.2669332000
43.2502665000
43.2335998000
43.2169331000
43.2002664000
43.1835997000
43.1669330000
43.1502663000
43.1335996000
43.1169329000
43.1002662000
43.0835995000
43.0669328000
43.0502661000
43.0335994000
43.0169327000
43.0002660000
42.9835993000
42.9669326000
42.9502659000
42.9335992000
42.9169325000
42.9002658000
42.8835991000
42.8669324000
42.8502657000
42.8335990000
42.8169323000
42.8002656000
42.7835989000
42.7669322000
42.7502655000
42.7335988000
42.7169321000
42.7002654000
42.6835987000
42.6669320000
42.6502653000
42.6335986000
42.6169319000
42.6002652000
42.5835985000
42.5669318000
42.5502651000
42.5335984000
42.5169317000
42.5002650000
42.4835983000
42.4669316000
42.4502649000
42.4335982000
42.4169315000
42.4002648000
42.3835981000
42.3669314000
42.3502647000
42.3335980000
42.3169313000
42.3002646000
42.2835979000
42.2669312000
42.2502645000
42.2335978000
42.2169311000
42.2002644000
42.1835977000
42.1669310000
42.1502643000
42.1335976000
42.1169309000
42.1002642000
42.0835975000
42.0669308000
42.0502641000
42.0335974000
42.0169307000
42.0002640000
41.9835973000
41.9669306000
41.9502639000
41.9335972000
41.9169305000
41.9002638000
41.8835971000
41.8669304000
41.8502637000
41.8335970000
41.8169303000
41.8002636000
41.7835969000
41.7669302000
41.7502635000
41.7335968000
41.7169301000
41.7002634000
41.6835967000
41.6669300000
41.6502633000
41.6335966000
41.6169299000
41.6002632000
41.5835965000
41.5669298000
41.5502631000
41.5335964000
41.5169297000
41.5002630000
41.4835963000
41.4669296000
41.4502629000
41.4335962000
41.4169295000
41.4002628000
41.3835961000
41.3669294000
41.3502627000
41.3335960000
41.3169293000
41.3002626000
41.2835959000
41.2669292000
41.2502625000
41.2335958000
41.2169291000
41.2002624000
41.1835957000
41.1669290000
41.1502623000
41.1335956000
41.1169289000
41.1002622000
41.0835955000
41.0669288000
41.0502621000
41.0335954000
41.0169287000
41.0002620000
40.9835953000
40.9669286000
40.9502619000
40.9335952000
40.9169285000
40.9002618000
40.8835951000
40.8669284000
40.8502617000
40.8335950000
40.8169283000
40.8002616000
40.7835949000
40.7669282000
40.7502615000
40.7335948000
40.7169281000
40.7002614000
40.6835947000
40.6669280000
40.6502613000
40.6335946000
40.6169279000
40.6002612000
40.5835945000
40.5669278000
40.5502611000
40.5335944000
40.5169277000
40.5002610000
40.4835943000
40.4669276000
40.4502609000
40.4335942000
40.4169275000
40.4002608000
40.3835941000
40.3669274000
40.3502607000
40.3335940000
40.3169273000
40.3002606000
40.2835939000
40.2669272000
40.2502605000
40.2335938000
40.2169271000
40.2002604000
40.1835937000
40.1669270000
40.1502603000
40.1335936000
40.1169269000
40.1002602000
40.0835935000
40.0669268000
40.0502601000
40.0335934000
40.0169267000
40.0002600000
39.9835933000
39.9669266000
39.9502599000
39.9335932000
39.9169265000
39.9002598000
39.8835931000
39.8669264000
39.8502597000
39.8335930000
39.8169263000
39.8002596000
39.7835929000
39.7669262000
39.7502595000
39.7335928000
39.7169261000
39.7002594000
39.6835927000
39.6669260000
39.6502593000
39.6335926000
39.6169259000
39.6002592000
39.5835925000
39.5669258000
39.5502591000
39.5335924000
39.5169257000
39.5002590000
39.4835923000
39.4669256000
39.4502589000
39.4335922000
39.4169255000
39.4002588000
39.3835921000
39.3669254000
39.3502587000
39.3335920000
39.3169253000
39.3002586000
39.2835919000
39.2669252000
39.2502585000
39.2335918000
39.2169251000
39.2002584000
39.1835917000
39.1669250000
39.1502583000
39.1335916000
39.1169249000
39.1002582000
39.0835915000
39.0669248000
39.0502581000
39.0335914000
39.0169247000
39.0002580000
38.9835913000
38.9669246000
38.9502579000
38.9335912000
38.9169245000
38.9002578000
38.8835911000
38.8669244000
38.8502577000
38.8335910000
38.8169243000
38.8002576000
38.7835909000
38.7669242000
38.7502575000
38.7335908000
38.7169241000
38.7002574000
38.6835907000
38.6669240000
38.6502573000
38.6335906000
38.6169239000
38.6002572000
38.5835905000
38.5669238000
38.5502571000
38.5335904000
38.5169237000
38.5002570000
38.4835903000
38.4669236000
38.4502569000
38.4335902000
38.4169235000
38.4002568000
38.3835901000
38.3669234000
38.3502567000
38.3335900000
38.3169233000
38.3002566000
38.2835899000
38.2669232000
38.2502565000
38.2335898000
38.2169231000
38.2002564000
38.1835897000
38.1669230000
38.1502563000
38.1335896000
38.1169229000
38.1002562000
38.0835895000
38.0669228000
38.0502561000
38.0335894000
38.0169227000
38.0002560000
37.9835893000
37.9669226000
37.9502559000
37.9335892000
37.9169225000
37.9002558000
37.8835891000
37.8669224000
37.8502557000
37.8335890000
37.8169223000
37.8002556000
37.7835889000
37.7669222000
37.7502555000
37.7335888000
37.7169221000
37.7002554000
37.6835887000
37.6669220000
37.6502553000
37.6335886000
37.6169219000
37.6002552000
37.5835885000
37.5669218000
37.5502551000
37.5335884000
37.5169217000
37.5002550000
37.4835883000
37.4669216000
37.4502549000
37.4335882000
37.4169215000
37.4002548000
37.3835881000
37.3669214000
37.3502547000
37.3335880000
37.3169213000
37.3002546000
37.2835879000
37.2669212000
37.2502545000
37.2335878000
37.2169211000
37.2002544000
37.1835877000
37.1669210000
37.1502543000
37.1335876000
37.1169209000
37.1002542000
37.0835875000
37.0669208000
37.0502541000
37.0335874000
37.0169207000
37.0002540000
36.9835873000
36.9669206000
36.9502539000
36.9335872000
36.9169205000
36.9002538000
36.8835871000
36.8669204000
36.8502537000
36.8335870000
36.8169203000
36.8002536000
36.7835869000
36.7669202000
36.7502535000
36.7335868000
36.7169201000
36.7002534000
36.6835867000
36.6669200000
36.6502533000
36.6335866000
36.6169199000
36.6002532000
36.5835865000
36.5669198000
36.5502531000
36.5335864000
36.5169197000
36.5002530000
36.4835863000
36.4669196000
36.4502529000
36.4335862000
36.4169195000
36.4002528000
36.3835861000
36.3669194000
36.3502527000
36.3335860000
36.3169193000
36.3002526000
36.2835859000
36.2669192000
36.2502525000
36.2335858000
36.2169191000
36.2002524000
36.1835857000
36.1669190000
36.1502523000
36.1335856000
36.1169189000
36.1002522000
36.0835855000
36.0669188000
36.0502521000
36.0335854000
36.0169187000
36.0002520000
35.9835853000
35.9669186000
35.9502519000
35.9335852000
35.9169185000
35.9002518000
35.8835851000
35.8669184000
35.8502517000
35.8335850000
35.8169183000
35.8002516000
35.7835849000
35.7669182000
35.7502515000
35.7335848000
35.7169181000
35.7002514000
35.6835847000
35.6669180000
35.6502513000
35.6335846000
35.6169179000
35.6002512000
35.5835845000
35.5669178000
35.5502511000
35.5335844000
35.5169177000
35.5002510000
35.4835843000
35.4669176000
35.4502509000
35.4335842000
35.4169175000
35.4002508000
35.3835841000
35.3669174000
35.3502507000
35.3335840000
35.3169173000
35.3002506000
35.2835839000
35.2669172000
35.2502505000
35.2335838000
35.2169171000
35.2002504000
35.1835837000
35.1669170000
35.1502503000
35.1335836000
35.1169169000
35.1002502000
35.0835835000
35.0669168000
35.0502501000
35.0335834000
35.0169167000
35.0002500000
34.9835833000
34.9669166000
34.9502499000
34.9335832000
34.9169165000
34.9002498000
34.8835831000
34.8669164000
34.8502497000
34.8335830000
34.8169163000
34.8002496000
34.7835829000
34.7669162000
34.7502495000
34.7335828000
34.7169161000
34.7002494000
34.6835827000
34.6669160000
34.6502493000
34.6335826000
34.6169159000
34.6002492000
34.5835825000
34.5669158000
34.5502491000
34.5335824000
34.5169157000
34.5002490000
34.4835823000
34.4669156000
34.4502489000
34.4335822000
34.4169155000
34.4002488000
34.3835821000
34.3669154000
34.3502487000
34.3335820000
34.3169153000
34.3002486000
34.2835819000
34.2669152000
34.2502485000
34.2335818000
34.2169151000
34.2002484000
34.1835817000
34.1669150000
34.1502483000
34.1335816000
34.1169149000
34.1002482000
34.0835815000
34.0669148000
34.0502481000
34.0335814000
34.0169147000
34.0002480000
33.9835813000
33.9669146000
33.9502479000
33.9335812000
33.9169145000
33.9002478000
33.8835811000
33.8669144000
33.8502477000
33.8335810000
33.8169143000
33.8002476000
33.7835809000
33.7669142000
33.7502475000
33.7335808000
33.7169141000
33.7002474000
33.6835807000
33.6669140000
33.6502473000
33.6335806000
33.6169139000
33.6002472000
33.5835805000
33.5669138000
33.5502471000
33.5335804000
33.5169137000
33.5002470000
33.4835803000
33.4669136000
33.4502469000
33.4335802000
33.4169135000
33.4002468000
33.3835801000
33.3669134000
33.3502467000
33.3335800000
33.3169133000
33.3002466000
33.2835799000
33.2669132000
33.2502465000
33.2335798000
33.2169131000
33.2002464000
33.1835797000
33.1669130000
33.1502463000
33.1335796000
33.1169129000
33.1002462000
33.0835795000
33.0669128000
33.0502461000
33.0335794000
33.0169127000
33.0002460000
32.9835793000
32.9669126000
32.9502459000
32.9335792000
32.9169125000
32.9002458000
32.8835791000
32.8669124000
32.8502457000
32.8335790000
32.8169123000
32.8002456000
32.7835789000
32.7669122000
32.7502455000
32.7335788000
32.7169121000
32.7002454000
32.6835787000
32.6669120000
32.6502453000
32.6335786000
32.6169119000
32.6002452000
32.5835785000
32.5669118000
32.5502451000
32.5335784000
32.5169117000
32.5002450000
32.4835783000
32.4669116000
32.4502449000
32.4335782000
32.4169115000
32.4002448000
32.3835781000
32.3669114000
32.3502447000
32.3335780000
32.3169113000
32.3002446000
32.2835779000
32.2669112000
32.2502445000
32.2335778000
32.2169111000
32.2002444000
32.1835777000
32.1669110000
32.1502443000
32.1335776000
32.1169109000
32.1002442000
32.0835775000
32.0669108000
32.0502441000
32.0335774000
32.0169107000
32.0002440000
31.9835773000
31.9669106000
31.9502439000
31.9335772000
31.9169105000
31.9002438000
31.8835771000
31.8669104000
31.8502437000
31.8335770000
31.8169103000
31.8002436000
31.7835769000
31.7669102000
31.7502435000
31.7335768000
31.7169101000
31.7002434000
31.6835767000
31.6669100000
31.6502433000
31.6335766000
31.6169099000
31.6002432000
31.5835765000
31.5669098000
31.5502431000
31.5335764000
31.5169097000
31.5002430000
31.4835763000
31.4669096000
31.4502429000
31.4335762000
31.4169095000
31.4002428000
31.3835761000
31.3669094000
31.3502427000
31.3335760000
31.3169093000
31.3002426000
31.2835759000
31.2669092000
31.2502425000
31.2335758000
31.2169091000
31.2002424000
31.1835757000
31.1669090000
31.1502423000
31.1335756000
31.1169089000
31.1002422000
31.0835755000
31.0669088000
31.0502421000
31.0335754000
31.0169087000
31.0002420000
30.9835753000
30.9669086000
30.9502419000
30.9335752000
30.9169085000
30.9002418000
30.8835751000
30.8669084000
30.8502417000
30.8335750000
30.8169083000
30.8002416000
30.7835749000
30.7669082000
30.7502415000
30.7335748000
30.7169081000
30.7002414000
30.6835747000
30.6669080000
30.6502413000
30.6335746000
30.6169079000
30.6002412000
30.5835745000
30.5669078000
30.5502411000
30.5335744000
30.5169077000
30.5002410000
30.4835743000
30.4669076000
30.4502409000
30.4335742000
30.4169075000
30.4002408000
30.3835741000
30.3669074000
30.3502407000
30.3335740000
30.3169073000
30.3002406000
30.2835739000
30.2669072000
30.2502405000
30.2335738000
30.2169071000
30.2002404000
30.1835737000
30.1669070000
30.1502403000
30.1335736000
30.1169069000
30.1002402000
30.0835735000
30.0669068000
30.0502401000
30.0335734000
30.0169067000
30.0002400000
29.9835733000
29.9669066000
29.9502399000
29.9335732000
29.9169065000
29.9002398000
29.8835731000
29.8669064000
29.8502397000
29.8335730000
