-25.3571139000
-25.3404480000
-25.3237821000
-25.3071162000
-25.2904503000
-25.2737844000
-25.2571185000
-25.2404526000
-25.2237867000
-25.2071208000
-25.1904549000
-25.1737890000
-25.1571231000
-25.1404572000
-25.1237913000
-25.1071254000
-25.0904595000
-25.0737936000
-25.0571277000
-25.0404618000
-25.0237959000
-25.0071300000
-24.9904641000
-24.9737982000
-24.9571323000
-24.9404664000
-24.9238005000
-24.9071346000
-24.8904687000
-24.8738028000
-24.8571369000
-24.8404710000
-24.8238051000
-24.8071392000
-24.7904733000
-24.7738074000
-24.7571415000
-24.7404756000
-24.7238097000
-24.7071438000
-24.6904779000
-24.6738120000
-24.6571461000
-24.6404802000
-24.6238143000
-24.6071484000
-24.5904825000
-24.5738166000
-24.5571507000
-24.5404848000
-24.5238189000
-24.5071530000
-24.4904871000
-24.4738212000
-24.4571553000
-24.4404894000
-24.4238235000
-24.4071576000
-24.3904917000
-24.3738258000
-24.3571599000
-24.3404940000
-24.3238281000
-24.3071622000
-24.2904963000
-24.2738304000
-24.2571645000
-24.2404986000
-24.2238327000
-24.2071668000
-24.1905009000
-24.1738350000
-24.1571691000
-24.1405032000
-24.1238373000
-24.1071714000
-24.0905055000
-24.0738396000
-24.0571737000
-24.0405078000
-24.0238419000
-24.0071760000
-23.9905101000
-23.9738442000
-23.9571783000
-23.9405124000
-23.9238465000
-23.9071806000
-23.8905147000
-23.8738488000
-23.8571829000
-23.8405170000
-23.8238511000
-23.8071852000
-23.7905193000
-23.7738534000
-23.7571875000
-23.7405216000
-23.7238557000
-23.7071898000
-23.6905239000
-23.6738580000
-23.6571921000
-23.6405262000
-23.6238603000
-23.6071944000
-23.5905285000
-23.5738626000
-23.5571967000
-23.5405308000
-23.5238649000
-23.5071990000
-23.4905331000
-23.4738672000
-23.4572013000
-23.4405354000
-23.4238695000
-23.4072036000
-23.3905377000
-23.3738718000
-23.3572059000
-23.3405400000
-23.3238741000
-23.3072082000
-23.2905423000
-23.2738764000
-23.2572105000
-23.2405446000
-23.2238787000
-23.2072128000
-23.1905469000
-23.1738810000
-23.1572151000
-23.1405492000
-23.1238833000
-23.1072174000
-23.0905515000
-23.0738856000
-23.0572197000
-23.0405538000
-23.0238879000
-23.0072220000
-22.9905561000
-22.9738902000
-22.9572243000
-22.9405584000
-22.9238925000
-22.9072266000
-22.8905607000
-22.8738948000
-22.8572289000
-22.8405630000
-22.8238971000
-22.8072312000
-22.7905653000
-22.7738994000
-22.7572335000
-22.7405676000
-22.7239017000
-22.7072358000
-22.6905699000
-22.6739040000
-22.6572381000
-22.6405722000
-22.6239063000
-22.6072404000
-22.5905745000
-22.5739086000
-22.5572427000
-22.5405768000
-22.5239109000
-22.5072450000
-22.4905791000
-22.4739132000
-22.4572473000
-22.4405814000
-22.4239155000
-22.4072496000
-22.3905837000
-22.3739178000
-22.3572519000
-22.3405860000
-22.3239201000
-22.3072542000
-22.2905883000
-22.2739224000
-22.2572565000
-22.2405906000
-22.2239247000
-22.2072588000
-22.1905929000
-22.1739270000
-22.1572611000
-22.1405952000
-22.1239293000
-22.1072634000
-22.0905975000
-22.0739316000
-22.0572657000
-22.0405998000
-22.0239339000
-22.0072680000
-21.9906021000
-21.9739362000
-21.9572703000
-21.9406044000
-21.9239385000
-21.9072726000
-21.8906067000
-21.8739408000
-21.8572749000
-21.8406090000
-21.8239431000
-21.8072772000
-21.7906113000
-21.7739454000
-21.7572795000
-21.7406136000
-21.7239477000
-21.7072818000
-21.6906159000
-21.6739500000
-21.6572841000
-21.6406182000
-21.6239523000
-21.6072864000
-21.5906205000
-21.5739546000
-21.5572887000
-21.5406228000
-21.5239569000
-21.5072910000
-21.4906251000
-21.4739592000
-21.4572933000
-21.4406274000
-21.4239615000
-21.4072956000
-21.3906297000
-21.3739638000
-21.3572979000
-21.3406320000
-21.3239661000
-21.3073002000
-21.2906343000
-21.2739684000
-21.2573025000
-21.2406366000
-21.2239707000
-21.2073048000
-21.1906389000
-21.1739730000
-21.1573071000
-21.1406412000
-21.1239753000
-21.1073094000
-21.0906435000
-21.0739776000
-21.0573117000
-21.0406458000
-21.0239799000
-21.0073140000
-20.9906481000
-20.9739822000
-20.9573163000
-20.9406504000
-20.9239845000
-20.9073186000
-20.8906527000
-20.8739868000
-20.8573209000
-20.8406550000
-20.8239891000
-20.8073232000
-20.7906573000
-20.7739914000
-20.7573255000
-20.7406596000
-20.7239937000
-20.7073278000
-20.6906619000
-20.6739960000
-20.6573301000
-20.6406642000
-20.6239983000
-20.6073324000
-20.5906665000
-20.5740006000
-20.5573347000
-20.5406688000
-20.5240029000
-20.5073370000
-20.4906711000
-20.4740052000
-20.4573393000
-20.4406734000
-20.4240075000
-20.4073416000
-20.3906757000
-20.3740098000
-20.3573439000
-20.3406780000
-20.3240121000
-20.3073462000
-20.2906803000
-20.2740144000
-20.2573485000
-20.2406826000
-20.2240167000
-20.2073508000
-20.1906849000
-20.1740190000
-20.1573531000
-20.1406872000
-20.1240213000
-20.1073554000
-20.0906895000
-20.0740236000
-20.0573577000
-20.0406918000
-20.0240259000
-20.0073600000
-19.9906941000
-19.9740282000
-19.9573623000
-19.9406964000
-19.9240305000
-19.9073646000
-19.8906987000
-19.8740328000
-19.8573669000
-19.8407010000
-19.8240351000
-19.8073692000
-19.7907033000
-19.7740374000
-19.7573715000
-19.7407056000
-19.7240397000
-19.7073738000
-19.6907079000
-19.6740420000
-19.6573761000
-19.6407102000
-19.6240443000
-19.6073784000
-19.5907125000
-19.5740466000
-19.5573807000
-19.5407148000
-19.5240489000
-19.5073830000
-19.4907171000
-19.4740512000
-19.4573853000
-19.4407194000
-19.4240535000
-19.4073876000
-19.3907217000
-19.3740558000
-19.3573899000
-19.3407240000
-19.3240581000
-19.3073922000
-19.2907263000
-19.2740604000
-19.2573945000
-19.2407286000
-19.2240627000
-19.2073968000
-19.1907309000
-19.1740650000
-19.1573991000
-19.1407332000
-19.1240673000
-19.1074014000
-19.0907355000
-19.0740696000
-19.0574037000
-19.0407378000
-19.0240719000
-19.0074060000
-18.9907401000
-18.9740742000
-18.9574083000
-18.9407424000
-18.9240765000
-18.9074106000
-18.8907447000
-18.8740788000
-18.8574129000
-18.8407470000
-18.8240811000
-18.8074152000
-18.7907493000
-18.7740834000
-18.7574175000
-18.7407516000
-18.7240857000
-18.7074198000
-18.6907539000
-18.6740880000
-18.6574221000
-18.6407562000
-18.6240903000
-18.6074244000
-18.5907585000
-18.5740926000
-18.5574267000
-18.5407608000
-18.5240949000
-18.5074290000
-18.4907631000
-18.4740972000
-18.4574313000
-18.4407654000
-18.4240995000
-18.4074336000
-18.3907677000
-18.3741018000
-18.3574359000
-18.3407700000
-18.3241041000
-18.3074382000
-18.2907723000
-18.2741064000
-18.2574405000
-18.2407746000
-18.2241087000
-18.2074428000
-18.1907769000
-18.1741110000
-18.1574451000
-18.1407792000
-18.1241133000
-18.1074474000
-18.0907815000
-18.0741156000
-18.0574497000
-18.0407838000
-18.0241179000
-18.0074520000
-17.9907861000
-17.9741202000
-17.9574543000
-17.9407884000
-17.9241225000
-17.9074566000
-17.8907907000
-17.8741248000
-17.8574589000
-17.8407930000
-17.8241271000
-17.8074612000
-17.7907953000
-17.7741294000
-17.7574635000
-17.7407976000
-17.7241317000
-17.7074658000
-17.6907999000
-17.6741340000
-17.6574681000
-17.6408022000
-17.6241363000
-17.6074704000
-17.5908045000
-17.5741386000
-17.5574727000
-17.5408068000
-17.5241409000
-17.5074750000
-17.4908091000
-17.4741432000
-17.4574773000
-17.4408114000
-17.4241455000
-17.4074796000
-17.3908137000
-17.3741478000
-17.3574819000
-17.3408160000
-17.3241501000
-17.3074842000
-17.2908183000
-17.2741524000
-17.2574865000
-17.2408206000
-17.2241547000
-17.2074888000
-17.1908229000
-17.1741570000
-17.1574911000
-17.1408252000
-17.1241593000
-17.1074934000
-17.0908275000
-17.0741616000
-17.0574957000
-17.0408298000
-17.0241639000
-17.0074980000
-16.9908321000
-16.9741662000
-16.9575003000
-16.9408344000
-16.9241685000
-16.9075026000
-16.8908367000
-16.8741708000
-16.8575049000
-16.8408390000
-16.8241731000
-16.8075072000
-16.7908413000
-16.7741754000
-16.7575095000
-16.7408436000
-16.7241777000
-16.7075118000
-16.6908459000
-16.6741800000
-16.6575141000
-16.6408482000
-16.6241823000
-16.6075164000
-16.5908505000
-16.5741846000
-16.5575187000
-16.5408528000
-16.5241869000
-16.5075210000
-16.4908551000
-16.4741892000
-16.4575233000
-16.4408574000
-16.4241915000
-16.4075256000
-16.3908597000
-16.3741938000
-16.3575279000
-16.3408620000
-16.3241961000
-16.3075302000
-16.2908643000
-16.2741984000
-16.2575325000
-16.2408666000
-16.2242007000
-16.2075348000
-16.1908689000
-16.1742030000
-16.1575371000
-16.1408712000
-16.1242053000
-16.1075394000
-16.0908735000
-16.0742076000
-16.0575417000
-16.0408758000
-16.0242099000
-16.0075440000
-15.9908781000
-15.9742122000
-15.9575463000
-15.9408804000
-15.9242145000
-15.9075486000
-15.8908827000
-15.8742168000
-15.8575509000
-15.8408850000
-15.8242191000
-15.8075532000
-15.7908873000
-15.7742214000
-15.7575555000
-15.7408896000
-15.7242237000
-15.7075578000
-15.6908919000
-15.6742260000
-15.6575601000
-15.6408942000
-15.6242283000
-15.6075624000
-15.5908965000
-15.5742306000
-15.5575647000
-15.5408988000
-15.5242329000
-15.5075670000
-15.4909011000
-15.4742352000
-15.4575693000
-15.4409034000
-15.4242375000
-15.4075716000
-15.3909057000
-15.3742398000
-15.3575739000
-15.3409080000
-15.3242421000
-15.3075762000
-15.2909103000
-15.2742444000
-15.2575785000
-15.2409126000
-15.2242467000
-15.2075808000
-15.1909149000
-15.1742490000
-15.1575831000
-15.1409172000
-15.1242513000
-15.1075854000
-15.0909195000
-15.0742536000
-15.0575877000
-15.0409218000
-15.0242559000
-15.0075900000
-14.9909241000
-14.9742582000
-14.9575923000
-14.9409264000
-14.9242605000
-14.9075946000
-14.8909287000
-14.8742628000
-14.8575969000
-14.8409310000
-14.8242651000
-14.8075992000
-14.7909333000
-14.7742674000
-14.7576015000
-14.7409356000
-14.7242697000
-14.7076038000
-14.6909379000
-14.6742720000
-14.6576061000
-14.6409402000
-14.6242743000
-14.6076084000
-14.5909425000
-14.5742766000
-14.5576107000
-14.5409448000
-14.5242789000
-14.5076130000
-14.4909471000
-14.4742812000
-14.4576153000
-14.4409494000
-14.4242835000
-14.4076176000
-14.3909517000
-14.3742858000
-14.3576199000
-14.3409540000
-14.3242881000
-14.3076222000
-14.2909563000
-14.2742904000
-14.2576245000
-14.2409586000
-14.2242927000
-14.2076268000
-14.1909609000
-14.1742950000
-14.1576291000
-14.1409632000
-14.1242973000
-14.1076314000
-14.0909655000
-14.0742996000
-14.0576337000
-14.0409678000
-14.0243019000
-14.0076360000
-13.9909701000
-13.9743042000
-13.9576383000
-13.9409724000
-13.9243065000
-13.9076406000
-13.8909747000
-13.8743088000
-13.8576429000
-13.8409770000
-13.8243111000
-13.8076452000
-13.7909793000
-13.7743134000
-13.7576475000
-13.7409816000
-13.7243157000
-13.7076498000
-13.6909839000
-13.6743180000
-13.6576521000
-13.6409862000
-13.6243203000
-13.6076544000
-13.5909885000
-13.5743226000
-13.5576567000
-13.5409908000
-13.5243249000
-13.5076590000
-13.4909931000
-13.4743272000
-13.4576613000
-13.4409954000
-13.4243295000
-13.4076636000
-13.3909977000
-13.3743318000
-13.3576659000
-13.3410000000
-13.3243341000
-13.3076682000
-13.2910023000
-13.2743364000
-13.2576705000
-13.2410046000
-13.2243387000
-13.2076728000
-13.1910069000
-13.1743410000
-13.1576751000
-13.1410092000
-13.1243433000
-13.1076774000
-13.0910115000
-13.0743456000
-13.0576797000
-13.0410138000
-13.0243479000
-13.0076820000
-12.9910161000
-12.9743502000
-12.9576843000
-12.9410184000
-12.9243525000
-12.9076866000
-12.8910207000
-12.8743548000
-12.8576889000
-12.8410230000
-12.8243571000
-12.8076912000
-12.7910253000
-12.7743594000
-12.7576935000
-12.7410276000
-12.7243617000
-12.7076958000
-12.6910299000
-12.6743640000
-12.6576981000
-12.6410322000
-12.6243663000
-12.6077004000
-12.5910345000
-12.5743686000
-12.5577027000
-12.5410368000
-12.5243709000
-12.5077050000
-12.4910391000
-12.4743732000
-12.4577073000
-12.4410414000
-12.4243755000
-12.4077096000
-12.3910437000
-12.3743778000
-12.3577119000
-12.3410460000
-12.3243801000
-12.3077142000
-12.2910483000
-12.2743824000
-12.2577165000
-12.2410506000
-12.2243847000
-12.2077188000
-12.1910529000
-12.1743870000
-12.1577211000
-12.1410552000
-12.1243893000
-12.1077234000
-12.0910575000
-12.0743916000
-12.0577257000
-12.0410598000
-12.0243939000
-12.0077280000
-11.9910621000
-11.9743962000
-11.9577303000
-11.9410644000
-11.9243985000
-11.9077326000
-11.8910667000
-11.8744008000
-11.8577349000
-11.8410690000
-11.8244031000
-11.8077372000
-11.7910713000
-11.7744054000
-11.7577395000
-11.7410736000
-11.7244077000
-11.7077418000
-11.6910759000
-11.6744100000
-11.6577441000
-11.6410782000
-11.6244123000
-11.6077464000
-11.5910805000
-11.5744146000
-11.5577487000
-11.5410828000
-11.5244169000
-11.5077510000
-11.4910851000
-11.4744192000
-11.4577533000
-11.4410874000
-11.4244215000
-11.4077556000
-11.3910897000
-11.3744238000
-11.3577579000
-11.3410920000
-11.3244261000
-11.3077602000
-11.2910943000
-11.2744284000
-11.2577625000
-11.2410966000
-11.2244307000
-11.2077648000
-11.1910989000
-11.1744330000
-11.1577671000
-11.1411012000
-11.1244353000
-11.1077694000
-11.0911035000
-11.0744376000
-11.0577717000
-11.0411058000
-11.0244399000
-11.0077740000
-10.9911081000
-10.9744422000
-10.9577763000
-10.9411104000
-10.9244445000
-10.9077786000
-10.8911127000
-10.8744468000
-10.8577809000
-10.8411150000
-10.8244491000
-10.8077832000
-10.7911173000
-10.7744514000
-10.7577855000
-10.7411196000
-10.7244537000
-10.7077878000
-10.6911219000
-10.6744560000
-10.6577901000
-10.6411242000
-10.6244583000
-10.6077924000
-10.5911265000
-10.5744606000
-10.5577947000
-10.5411288000
-10.5244629000
-10.5077970000
-10.4911311000
-10.4744652000
-10.4577993000
-10.4411334000
-10.4244675000
-10.4078016000
-10.3911357000
-10.3744698000
-10.3578039000
-10.3411380000
-10.3244721000
-10.3078062000
-10.2911403000
-10.2744744000
-10.2578085000
-10.2411426000
-10.2244767000
-10.2078108000
-10.1911449000
-10.1744790000
-10.1578131000
-10.1411472000
-10.1244813000
-10.1078154000
-10.0911495000
-10.0744836000
-10.0578177000
-10.0411518000
-10.0244859000
-10.0078200000
-9.9911541000
-9.9744882000
-9.9578223000
-9.9411564000
-9.9244905000
-9.9078246000
-9.8911587000
-9.8744928000
-9.8578269000
-9.8411610000
-9.8244951000
-9.8078292000
-9.7911633000
-9.7744974000
-9.7578315000
-9.7411656000
-9.7244997000
-9.7078338000
-9.6911679000
-9.6745020000
-9.6578361000
-9.6411702000
-9.6245043000
-9.6078384000
-9.5911725000
-9.5745066000
-9.5578407000
-9.5411748000
-9.5245089000
-9.5078430000
-9.4911771000
-9.4745112000
-9.4578453000
-9.4411794000
-9.4245135000
-9.4078476000
-9.3911817000
-9.3745158000
-9.3578499000
-9.3411840000
-9.3245181000
-9.3078522000
-9.2911863000
-9.2745204000
-9.2578545000
-9.2411886000
-9.2245227000
-9.2078568000
-9.1911909000
-9.1745250000
-9.1578591000
-9.1411932000
-9.1245273000
-9.1078614000
-9.0911955000
-9.0745296000
-9.0578637000
-9.0411978000
-9.0245319000
-9.0078660000
-8.9912001000
-8.9745342000
-8.9578683000
-8.9412024000
-8.9245365000
-8.9078706000
-8.8912047000
-8.8745388000
-8.8578729000
-8.8412070000
-8.8245411000
-8.8078752000
-8.7912093000
-8.7745434000
-8.7578775000
-8.7412116000
-8.7245457000
-8.7078798000
-8.6912139000
-8.6745480000
-8.6578821000
-8.6412162000
-8.6245503000
-8.6078844000
-8.5912185000
-8.5745526000
-8.5578867000
-8.5412208000
-8.5245549000
-8.5078890000
-8.4912231000
-8.4745572000
-8.4578913000
-8.4412254000
-8.4245595000
-8.4078936000
-8.3912277000
-8.3745618000
-8.3578959000
-8.3412300000
-8.3245641000
-8.3078982000
-8.2912323000
-8.2745664000
-8.2579005000
-8.2412346000
-8.2245687000
-8.2079028000
-8.1912369000
-8.1745710000
-8.1579051000
-8.1412392000
-8.1245733000
-8.1079074000
-8.0912415000
-8.0745756000
-8.0579097000
-8.0412438000
-8.0245779000
-8.0079120000
-7.9912461000
-7.9745802000
-7.9579143000
-7.9412484000
-7.9245825000
-7.9079166000
-7.8912507000
-7.8745848000
-7.8579189000
-7.8412530000
-7.8245871000
-7.8079212000
-7.7912553000
-7.7745894000
-7.7579235000
-7.7412576000
-7.7245917000
-7.7079258000
-7.6912599000
-7.6745940000
-7.6579281000
-7.6412622000
-7.6245963000
-7.6079304000
-7.5912645000
-7.5745986000
-7.5579327000
-7.5412668000
-7.5246009000
-7.5079350000
-7.4912691000
-7.4746032000
-7.4579373000
-7.4412714000
-7.4246055000
-7.4079396000
-7.3912737000
-7.3746078000
-7.3579419000
-7.3412760000
-7.3246101000
-7.3079442000
-7.2912783000
-7.2746124000
-7.2579465000
-7.2412806000
-7.2246147000
-7.2079488000
-7.1912829000
-7.1746170000
-7.1579511000
-7.1412852000
-7.1246193000
-7.1079534000
-7.0912875000
-7.0746216000
-7.0579557000
-7.0412898000
-7.0246239000
-7.0079580000
-6.9912921000
-6.9746262000
-6.9579603000
-6.9412944000
-6.9246285000
-6.9079626000
-6.8912967000
-6.8746308000
-6.8579649000
-6.8412990000
-6.8246331000
-6.8079672000
-6.7913013000
-6.7746354000
-6.7579695000
-6.7413036000
-6.7246377000
-6.7079718000
-6.6913059000
-6.6746400000
-6.6579741000
-6.6413082000
-6.6246423000
-6.6079764000
-6.5913105000
-6.5746446000
-6.5579787000
-6.5413128000
-6.5246469000
-6.5079810000
-6.4913151000
-6.4746492000
-6.4579833000
-6.4413174000
-6.4246515000
-6.4079856000
-6.3913197000
-6.3746538000
-6.3579879000
-6.3413220000
-6.3246561000
-6.3079902000
-6.2913243000
-6.2746584000
-6.2579925000
-6.2413266000
-6.2246607000
-6.2079948000
-6.1913289000
-6.1746630000
-6.1579971000
-6.1413312000
-6.1246653000
-6.1079994000
-6.0913335000
-6.0746676000
-6.0580017000
-6.0413358000
-6.0246699000
-6.0080040000
-5.9913381000
-5.9746722000
-5.9580063000
-5.9413404000
-5.9246745000
-5.9080086000
-5.8913427000
-5.8746768000
-5.8580109000
-5.8413450000
-5.8246791000
-5.8080132000
-5.7913473000
-5.7746814000
-5.7580155000
-5.7413496000
-5.7246837000
-5.7080178000
-5.6913519000
-5.6746860000
-5.6580201000
-5.6413542000
-5.6246883000
-5.6080224000
-5.5913565000
-5.5746906000
-5.5580247000
-5.5413588000
-5.5246929000
-5.5080270000
-5.4913611000
-5.4746952000
-5.4580293000
-5.4413634000
-5.4246975000
-5.4080316000
-5.3913657000
-5.3746998000
-5.3580339000
-5.3413680000
-5.3247021000
-5.3080362000
-5.2913703000
-5.2747044000
-5.2580385000
-5.2413726000
-5.2247067000
-5.2080408000
-5.1913749000
-5.1747090000
-5.1580431000
-5.1413772000
-5.1247113000
-5.1080454000
-5.0913795000
-5.0747136000
-5.0580477000
-5.0413818000
-5.0247159000
-5.0080500000
-4.9913841000
-4.9747182000
-4.9580523000
-4.9413864000
-4.9247205000
-4.9080546000
-4.8913887000
-4.8747228000
-4.8580569000
-4.8413910000
-4.8247251000
-4.8080592000
-4.7913933000
-4.7747274000
-4.7580615000
-4.7413956000
-4.7247297000
-4.7080638000
-4.6913979000
-4.6747320000
-4.6580661000
-4.6414002000
-4.6247343000
-4.6080684000
-4.5914025000
-4.5747366000
-4.5580707000
-4.5414048000
-4.5247389000
-4.5080730000
-4.4914071000
-4.4747412000
-4.4580753000
-4.4414094000
-4.4247435000
-4.4080776000
-4.3914117000
-4.3747458000
-4.3580799000
-4.3414140000
-4.3247481000
-4.3080822000
-4.2914163000
-4.2747504000
-4.2580845000
-4.2414186000
-4.2247527000
-4.2080868000
-4.1914209000
-4.1747550000
-4.1580891000
-4.1414232000
-4.1247573000
-4.1080914000
-4.0914255000
-4.0747596000
-4.0580937000
-4.0414278000
-4.0247619000
-4.0080960000
-3.9914301000
-3.9747642000
-3.9580983000
-3.9414324000
-3.9247665000
-3.9081006000
-3.8914347000
-3.8747688000
-3.8581029000
-3.8414370000
-3.8247711000
-3.8081052000
-3.7914393000
-3.7747734000
-3.7581075000
-3.7414416000
-3.7247757000
-3.7081098000
-3.6914439000
-3.6747780000
-3.6581121000
-3.6414462000
-3.6247803000
-3.6081144000
-3.5914485000
-3.5747826000
-3.5581167000
-3.5414508000
-3.5247849000
-3.5081190000
-3.4914531000
-3.4747872000
-3.4581213000
-3.4414554000
-3.4247895000
-3.4081236000
-3.3914577000
-3.3747918000
-3.3581259000
-3.3414600000
-3.3247941000
-3.3081282000
-3.2914623000
-3.2747964000
-3.2581305000
-3.2414646000
-3.2247987000
-3.2081328000
-3.1914669000
-3.1748010000
-3.1581351000
-3.1414692000
-3.1248033000
-3.1081374000
-3.0914715000
-3.0748056000
-3.0581397000
-3.0414738000
-3.0248079000
-3.0081420000
-2.9914761000
-2.9748102000
-2.9581443000
-2.9414784000
-2.9248125000
-2.9081466000
-2.8914807000
-2.8748148000
-2.8581489000
-2.8414830000
-2.8248171000
-2.8081512000
-2.7914853000
-2.7748194000
-2.7581535000
-2.7414876000
-2.7248217000
-2.7081558000
-2.6914899000
-2.6748240000
-2.6581581000
-2.6414922000
-2.6248263000
-2.6081604000
-2.5914945000
-2.5748286000
-2.5581627000
-2.5414968000
-2.5248309000
-2.5081650000
-2.4914991000
-2.4748332000
-2.4581673000
-2.4415014000
-2.4248355000
-2.4081696000
-2.3915037000
-2.3748378000
-2.3581719000
-2.3415060000
-2.3248401000
-2.3081742000
-2.2915083000
-2.2748424000
-2.2581765000
-2.2415106000
-2.2248447000
-2.2081788000
-2.1915129000
-2.1748470000
-2.1581811000
-2.1415152000
-2.1248493000
-2.1081834000
-2.0915175000
-2.0748516000
-2.0581857000
-2.0415198000
-2.0248539000
-2.0081880000
-1.9915221000
-1.9748562000
-1.9581903000
-1.9415244000
-1.9248585000
-1.9081926000
-1.8915267000
-1.8748608000
-1.8581949000
-1.8415290000
-1.8248631000
-1.8081972000
-1.7915313000
-1.7748654000
-1.7581995000
-1.7415336000
-1.7248677000
-1.7082018000
-1.6915359000
-1.6748700000
-1.6582041000
-1.6415382000
-1.6248723000
-1.6082064000
-1.5915405000
-1.5748746000
-1.5582087000
-1.5415428000
-1.5248769000
-1.5082110000
-1.4915451000
-1.4748792000
-1.4582133000
-1.4415474000
-1.4248815000
-1.4082156000
-1.3915497000
-1.3748838000
-1.3582179000
-1.3415520000
-1.3248861000
-1.3082202000
-1.2915543000
-1.2748884000
-1.2582225000
-1.2415566000
-1.2248907000
-1.2082248000
-1.1915589000
-1.1748930000
-1.1582271000
-1.1415612000
-1.1248953000
-1.1082294000
-1.0915635000
-1.0748976000
-1.0582317000
-1.0415658000
-1.0248999000
-1.0082340000
-0.9915681000
-0.9749022000
-0.9582363000
-0.9415704000
-0.9249045000
-0.9082386000
-0.8915727000
-0.8749068000
-0.8582409000
-0.8415750000
-0.8249091000
-0.8082432000
-0.7915773000
-0.7749114000
-0.7582455000
-0.7415796000
-0.7249137000
-0.7082478000
-0.6915819000
-0.6749160000
-0.6582501000
-0.6415842000
-0.6249183000
-0.6082524000
-0.5915865000
-0.5749206000
-0.5582547000
-0.5415888000
-0.5249229000
-0.5082570000
-0.4915911000
-0.4749252000
-0.4582593000
-0.4415934000
-0.4249275000
-0.4082616000
-0.3915957000
-0.3749298000
-0.3582639000
-0.3415980000
-0.3249321000
-0.3082662000
-0.2916003000
-0.2749344000
-0.2582685000
-0.2416026000
-0.2249367000
-0.2082708000
-0.1916049000
-0.1749390000
-0.1582731000
-0.1416072000
-0.1249413000
-0.1082754000
-0.0916095000
-0.0749436000
-0.0582777000
-0.0416118000
-0.0249459000
-0.0082800000
0.0083859000
0.0250518000
0.0417177000
0.0583836000
0.0750495000
0.0917154000
0.1083813000
0.1250472000
0.1417131000
0.1583790000
0.1750449000
0.1917108000
0.2083767000
0.2250426000
0.2417085000
0.2583744000
0.2750403000
0.2917062000
0.3083721000
0.3250380000
0.3417039000
0.3583698000
0.3750357000
0.3917016000
0.4083675000
0.4250334000
0.4416993000
0.4583652000
0.4750311000
0.4916970000
0.5083629000
0.5250288000
0.5416947000
0.5583606000
0.5750265000
0.5916924000
0.6083583000
0.6250242000
0.6416901000
0.6583560000
0.6750219000
0.6916878000
0.7083537000
0.7250196000
0.7416855000
0.7583514000
0.7750173000
0.7916832000
0.8083491000
0.8250150000
0.8416809000
0.8583468000
0.8750127000
0.8916786000
0.9083445000
0.9250104000
0.9416763000
0.9583422000
0.9750081000
0.9916740000
1.0083399000
1.0250058000
1.0416717000
1.0583376000
1.0750035000
1.0916694000
1.1083353000
1.1250012000
1.1416671000
1.1583330000
1.1749989000
1.1916648000
1.2083307000
1.2249966000
1.2416625000
1.2583284000
1.2749943000
1.2916602000
1.3083261000
1.3249920000
1.3416579000
1.3583238000
1.3749897000
1.3916556000
1.4083215000
1.4249874000
1.4416533000
1.4583192000
1.4749851000
1.4916510000
1.5083169000
1.5249828000
1.5416487000
1.5583146000
1.5749805000
1.5916464000
1.6083123000
1.6249782000
1.6416441000
1.6583100000
1.6749759000
1.6916418000
1.7083077000
1.7249736000
1.7416395000
1.7583054000
1.7749713000
1.7916372000
1.8083031000
1.8249690000
1.8416349000
1.8583008000
1.8749667000
1.8916326000
1.9082985000
1.9249644000
1.9416303000
1.9582962000
1.9749621000
1.9916280000
2.0082939000
2.0249598000
2.0416257000
2.0582916000
2.0749575000
2.0916234000
2.1082893000
2.1249552000
2.1416211000
2.1582870000
2.1749529000
2.1916188000
2.2082847000
2.2249506000
2.2416165000
2.2582824000
2.2749483000
2.2916142000
2.3082801000
2.3249460000
2.3416119000
2.3582778000
2.3749437000
2.3916096000
2.4082755000
2.4249414000
2.4416073000
2.4582732000
2.4749391000
2.4916050000
2.5082709000
2.5249368000
2.5416027000
2.5582686000
2.5749345000
2.5916004000
2.6082663000
2.6249322000
2.6415981000
2.6582640000
2.6749299000
2.6915958000
2.7082617000
2.7249276000
2.7415935000
2.7582594000
2.7749253000
2.7915912000
2.8082571000
2.8249230000
2.8415889000
2.8582548000
2.8749207000
2.8915866000
2.9082525000
2.9249184000
2.9415843000
2.9582502000
2.9749161000
2.9915820000
3.0082479000
3.0249138000
3.0415797000
3.0582456000
3.0749115000
3.0915774000
3.1082433000
3.1249092000
3.1415751000
3.1582410000
3.1749069000
3.1915728000
3.2082387000
3.2249046000
3.2415705000
3.2582364000
3.2749023000
3.2915682000
3.3082341000
3.3249000000
3.3415659000
3.3582318000
3.3748977000
3.3915636000
3.4082295000
3.4248954000
3.4415613000
3.4582272000
3.4748931000
3.4915590000
3.5082249000
3.5248908000
3.5415567000
3.5582226000
3.5748885000
3.5915544000
3.6082203000
3.6248862000
3.6415521000
3.6582180000
3.6748839000
3.6915498000
3.7082157000
3.7248816000
3.7415475000
3.7582134000
3.7748793000
3.7915452000
3.8082111000
3.8248770000
3.8415429000
3.8582088000
3.8748747000
3.8915406000
3.9082065000
3.9248724000
3.9415383000
3.9582042000
3.9748701000
3.9915360000
4.0082019000
4.0248678000
4.0415337000
4.0581996000
4.0748655000
4.0915314000
4.1081973000
4.1248632000
4.1415291000
4.1581950000
4.1748609000
4.1915268000
4.2081927000
4.2248586000
4.2415245000
4.2581904000
4.2748563000
4.2915222000
4.3081881000
4.3248540000
4.3415199000
4.3581858000
4.3748517000
4.3915176000
4.4081835000
4.4248494000
4.4415153000
4.4581812000
4.4748471000
4.4915130000
4.5081789000
4.5248448000
4.5415107000
4.5581766000
4.5748425000
4.5915084000
4.6081743000
4.6248402000
4.6415061000
4.6581720000
4.6748379000
4.6915038000
4.7081697000
4.7248356000
4.7415015000
4.7581674000
4.7748333000
4.7914992000
4.8081651000
4.8248310000
4.8414969000
4.8581628000
4.8748287000
4.8914946000
4.9081605000
4.9248264000
4.9414923000
4.9581582000
4.9748241000
4.9914900000
5.0081559000
5.0248218000
5.0414877000
5.0581536000
5.0748195000
5.0914854000
5.1081513000
5.1248172000
5.1414831000
5.1581490000
5.1748149000
5.1914808000
5.2081467000
5.2248126000
5.2414785000
5.2581444000
5.2748103000
5.2914762000
5.3081421000
5.3248080000
5.3414739000
5.3581398000
5.3748057000
5.3914716000
5.4081375000
5.4248034000
5.4414693000
5.4581352000
5.4748011000
5.4914670000
5.5081329000
5.5247988000
5.5414647000
5.5581306000
5.5747965000
5.5914624000
5.6081283000
5.6247942000
5.6414601000
5.6581260000
5.6747919000
5.6914578000
5.7081237000
5.7247896000
5.7414555000
5.7581214000
5.7747873000
5.7914532000
5.8081191000
5.8247850000
5.8414509000
5.8581168000
5.8747827000
5.8914486000
5.9081145000
5.9247804000
5.9414463000
5.9581122000
5.9747781000
5.9914440000
6.0081099000
6.0247758000
6.0414417000
6.0581076000
6.0747735000
6.0914394000
6.1081053000
6.1247712000
6.1414371000
6.1581030000
6.1747689000
6.1914348000
6.2081007000
6.2247666000
6.2414325000
6.2580984000
6.2747643000
6.2914302000
6.3080961000
6.3247620000
6.3414279000
6.3580938000
6.3747597000
6.3914256000
6.4080915000
6.4247574000
6.4414233000
6.4580892000
6.4747551000
6.4914210000
6.5080869000
6.5247528000
6.5414187000
6.5580846000
6.5747505000
6.5914164000
6.6080823000
6.6247482000
6.6414141000
6.6580800000
6.6747459000
6.6914118000
6.7080777000
6.7247436000
6.7414095000
6.7580754000
6.7747413000
6.7914072000
6.8080731000
6.8247390000
6.8414049000
6.8580708000
6.8747367000
6.8914026000
6.9080685000
6.9247344000
6.9414003000
6.9580662000
6.9747321000
6.9913980000
7.0080639000
7.0247298000
7.0413957000
7.0580616000
7.0747275000
7.0913934000
7.1080593000
7.1247252000
7.1413911000
7.1580570000
7.1747229000
7.1913888000
7.2080547000
7.2247206000
7.2413865000
7.2580524000
7.2747183000
7.2913842000
7.3080501000
7.3247160000
7.3413819000
7.3580478000
7.3747137000
7.3913796000
7.4080455000
7.4247114000
7.4413773000
7.4580432000
7.4747091000
7.4913750000
7.5080409000
7.5247068000
7.5413727000
7.5580386000
7.5747045000
7.5913704000
7.6080363000
7.6247022000
7.6413681000
7.6580340000
7.6746999000
7.6913658000
7.7080317000
7.7246976000
7.7413635000
7.7580294000
7.7746953000
7.7913612000
7.8080271000
7.8246930000
7.8413589000
7.8580248000
7.8746907000
7.8913566000
7.9080225000
7.9246884000
7.9413543000
7.9580202000
7.9746861000
7.9913520000
8.0080179000
8.0246838000
8.0413497000
8.0580156000
8.0746815000
8.0913474000
8.1080133000
8.1246792000
8.1413451000
8.1580110000
8.1746769000
8.1913428000
8.2080087000
8.2246746000
8.2413405000
8.2580064000
8.2746723000
8.2913382000
8.3080041000
8.3246700000
8.3413359000
8.3580018000
8.3746677000
8.3913336000
8.4079995000
8.4246654000
8.4413313000
8.4579972000
8.4746631000
8.4913290000
8.5079949000
8.5246608000
8.5413267000
8.5579926000
8.5746585000
8.5913244000
8.6079903000
8.6246562000
8.6413221000
8.6579880000
8.6746539000
8.6913198000
8.7079857000
8.7246516000
8.7413175000
8.7579834000
8.7746493000
8.7913152000
8.8079811000
8.8246470000
8.8413129000
8.8579788000
8.8746447000
8.8913106000
8.9079765000
8.9246424000
8.9413083000
8.9579742000
8.9746401000
8.9913060000
9.0079719000
9.0246378000
9.0413037000
9.0579696000
9.0746355000
9.0913014000
9.1079673000
9.1246332000
9.1412991000
9.1579650000
9.1746309000
9.1912968000
9.2079627000
9.2246286000
9.2412945000
9.2579604000
9.2746263000
9.2912922000
9.3079581000
9.3246240000
9.3412899000
9.3579558000
9.3746217000
9.3912876000
9.4079535000
9.4246194000
9.4412853000
9.4579512000
9.4746171000
9.4912830000
9.5079489000
9.5246148000
9.5412807000
9.5579466000
9.5746125000
9.5912784000
9.6079443000
9.6246102000
9.6412761000
9.6579420000
9.6746079000
9.6912738000
9.7079397000
9.7246056000
9.7412715000
9.7579374000
9.7746033000
9.7912692000
9.8079351000
9.8246010000
9.8412669000
9.8579328000
9.8745987000
9.8912646000
9.9079305000
9.9245964000
9.9412623000
9.9579282000
9.9745941000
9.9912600000
10.0079259000
10.0245918000
10.0412577000
10.0579236000
10.0745895000
10.0912554000
10.1079213000
10.1245872000
10.1412531000
10.1579190000
10.1745849000
10.1912508000
10.2079167000
10.2245826000
10.2412485000
10.2579144000
10.2745803000
10.2912462000
10.3079121000
10.3245780000
10.3412439000
10.3579098000
10.3745757000
10.3912416000
10.4079075000
10.4245734000
10.4412393000
10.4579052000
10.4745711000
10.4912370000
10.5079029000
10.5245688000
10.5412347000
10.5579006000
10.5745665000
10.5912324000
10.6078983000
10.6245642000
10.6412301000
10.6578960000
10.6745619000
10.6912278000
10.7078937000
10.7245596000
10.7412255000
10.7578914000
10.7745573000
10.7912232000
10.8078891000
10.8245550000
10.8412209000
10.8578868000
10.8745527000
10.8912186000
10.9078845000
10.9245504000
10.9412163000
10.9578822000
10.9745481000
10.9912140000
11.0078799000
11.0245458000
11.0412117000
11.0578776000
11.0745435000
11.0912094000
11.1078753000
11.1245412000
11.1412071000
11.1578730000
11.1745389000
11.1912048000
11.2078707000
11.2245366000
11.2412025000
11.2578684000
11.2745343000
11.2912002000
11.3078661000
11.3245320000
11.3411979000
11.3578638000
11.3745297000
11.3911956000
11.4078615000
11.4245274000
11.4411933000
11.4578592000
11.4745251000
11.4911910000
11.5078569000
11.5245228000
11.5411887000
11.5578546000
11.5745205000
11.5911864000
11.6078523000
11.6245182000
11.6411841000
11.6578500000
11.6745159000
11.6911818000
11.7078477000
11.7245136000
11.7411795000
11.7578454000
11.7745113000
11.7911772000
11.8078431000
11.8245090000
11.8411749000
11.8578408000
11.8745067000
11.8911726000
11.9078385000
11.9245044000
11.9411703000
11.9578362000
11.9745021000
11.9911680000
12.0078339000
12.0244998000
12.0411657000
12.0578316000
12.0744975000
12.0911634000
12.1078293000
12.1244952000
12.1411611000
12.1578270000
12.1744929000
12.1911588000
12.2078247000
12.2244906000
12.2411565000
12.2578224000
12.2744883000
12.2911542000
12.3078201000
12.3244860000
12.3411519000
12.3578178000
12.3744837000
12.3911496000
12.4078155000
12.4244814000
12.4411473000
12.4578132000
12.4744791000
12.4911450000
12.5078109000
12.5244768000
12.5411427000
12.5578086000
12.5744745000
12.5911404000
12.6078063000
12.6244722000
12.6411381000
12.6578040000
12.6744699000
12.6911358000
12.7078017000
12.7244676000
12.7411335000
12.7577994000
12.7744653000
12.7911312000
12.8077971000
12.8244630000
12.8411289000
12.8577948000
12.8744607000
12.8911266000
12.9077925000
12.9244584000
12.9411243000
12.9577902000
12.9744561000
12.9911220000
13.0077879000
13.0244538000
13.0411197000
13.0577856000
13.0744515000
13.0911174000
13.1077833000
13.1244492000
13.1411151000
13.1577810000
13.1744469000
13.1911128000
13.2077787000
13.2244446000
13.2411105000
13.2577764000
13.2744423000
13.2911082000
13.3077741000
13.3244400000
13.3411059000
13.3577718000
13.3744377000
13.3911036000
13.4077695000
13.4244354000
13.4411013000
13.4577672000
13.4744331000
13.4910990000
13.5077649000
13.5244308000
13.5410967000
13.5577626000
13.5744285000
13.5910944000
13.6077603000
13.6244262000
13.6410921000
13.6577580000
13.6744239000
13.6910898000
13.7077557000
13.7244216000
13.7410875000
13.7577534000
13.7744193000
13.7910852000
13.8077511000
13.8244170000
13.8410829000
13.8577488000
13.8744147000
13.8910806000
13.9077465000
13.9244124000
13.9410783000
13.9577442000
13.9744101000
13.9910760000
14.0077419000
14.0244078000
14.0410737000
14.0577396000
14.0744055000
14.0910714000
14.1077373000
14.1244032000
14.1410691000
14.1577350000
14.1744009000
14.1910668000
14.2077327000
14.2243986000
14.2410645000
14.2577304000
14.2743963000
14.2910622000
14.3077281000
14.3243940000
14.3410599000
14.3577258000
14.3743917000
14.3910576000
14.4077235000
14.4243894000
14.4410553000
14.4577212000
14.4743871000
14.4910530000
14.5077189000
14.5243848000
14.5410507000
14.5577166000
14.5743825000
14.5910484000
14.6077143000
14.6243802000
14.6410461000
14.6577120000
14.6743779000
14.6910438000
14.7077097000
14.7243756000
14.7410415000
14.7577074000
14.7743733000
14.7910392000
14.8077051000
14.8243710000
14.8410369000
14.8577028000
14.8743687000
14.8910346000
14.9077005000
14.9243664000
14.9410323000
14.9576982000
14.9743641000
14.9910300000
15.0076959000
15.0243618000
15.0410277000
15.0576936000
15.0743595000
15.0910254000
15.1076913000
15.1243572000
15.1410231000
15.1576890000
15.1743549000
15.1910208000
15.2076867000
15.2243526000
15.2410185000
15.2576844000
15.2743503000
15.2910162000
15.3076821000
15.3243480000
15.3410139000
15.3576798000
15.3743457000
15.3910116000
15.4076775000
15.4243434000
15.4410093000
15.4576752000
15.4743411000
15.4910070000
15.5076729000
15.5243388000
15.5410047000
15.5576706000
15.5743365000
15.5910024000
15.6076683000
15.6243342000
15.6410001000
15.6576660000
15.6743319000
15.6909978000
15.7076637000
15.7243296000
15.7409955000
15.7576614000
15.7743273000
15.7909932000
15.8076591000
15.8243250000
15.8409909000
15.8576568000
15.8743227000
15.8909886000
15.9076545000
15.9243204000
15.9409863000
15.9576522000
15.9743181000
15.9909840000
16.0076499000
16.0243158000
16.0409817000
16.0576476000
16.0743135000
16.0909794000
16.1076453000
16.1243112000
16.1409771000
16.1576430000
16.1743089000
16.1909748000
16.2076407000
16.2243066000
16.2409725000
16.2576384000
16.2743043000
16.2909702000
16.3076361000
16.3243020000
16.3409679000
16.3576338000
16.3742997000
16.3909656000
16.4076315000
16.4242974000
16.4409633000
16.4576292000
16.4742951000
16.4909610000
16.5076269000
16.5242928000
16.5409587000
16.5576246000
16.5742905000
16.5909564000
16.6076223000
16.6242882000
16.6409541000
16.6576200000
16.6742859000
16.6909518000
16.7076177000
16.7242836000
16.7409495000
16.7576154000
16.7742813000
16.7909472000
16.8076131000
16.8242790000
16.8409449000
16.8576108000
16.8742767000
16.8909426000
16.9076085000
16.9242744000
16.9409403000
16.9576062000
16.9742721000
16.9909380000
17.0076039000
17.0242698000
17.0409357000
17.0576016000
17.0742675000
17.0909334000
17.1075993000
17.1242652000
17.1409311000
17.1575970000
17.1742629000
17.1909288000
17.2075947000
17.2242606000
17.2409265000
17.2575924000
17.2742583000
17.2909242000
17.3075901000
17.3242560000
17.3409219000
17.3575878000
17.3742537000
17.3909196000
17.4075855000
17.4242514000
17.4409173000
17.4575832000
17.4742491000
17.4909150000
17.5075809000
17.5242468000
17.5409127000
17.5575786000
17.5742445000
17.5909104000
17.6075763000
17.6242422000
17.6409081000
17.6575740000
17.6742399000
17.6909058000
17.7075717000
17.7242376000
17.7409035000
17.7575694000
17.7742353000
17.7909012000
17.8075671000
17.8242330000
17.8408989000
17.8575648000
17.8742307000
17.8908966000
17.9075625000
17.9242284000
17.9408943000
17.9575602000
17.9742261000
17.9908920000
18.0075579000
18.0242238000
18.0408897000
18.0575556000
18.0742215000
18.0908874000
18.1075533000
18.1242192000
18.1408851000
18.1575510000
18.1742169000
18.1908828000
18.2075487000
18.2242146000
18.2408805000
18.2575464000
18.2742123000
18.2908782000
18.3075441000
18.3242100000
18.3408759000
18.3575418000
18.3742077000
18.3908736000
18.4075395000
18.4242054000
18.4408713000
18.4575372000
18.4742031000
18.4908690000
18.5075349000
18.5242008000
18.5408667000
18.5575326000
18.5741985000
18.5908644000
18.6075303000
18.6241962000
18.6408621000
18.6575280000
18.6741939000
18.6908598000
18.7075257000
18.7241916000
18.7408575000
18.7575234000
18.7741893000
18.7908552000
18.8075211000
18.8241870000
18.8408529000
18.8575188000
18.8741847000
18.8908506000
18.9075165000
18.9241824000
18.9408483000
18.9575142000
18.9741801000
18.9908460000
19.0075119000
19.0241778000
19.0408437000
19.0575096000
19.0741755000
19.0908414000
19.1075073000
19.1241732000
19.1408391000
19.1575050000
19.1741709000
19.1908368000
19.2075027000
19.2241686000
19.2408345000
19.2575004000
19.2741663000
19.2908322000
19.3074981000
19.3241640000
19.3408299000
19.3574958000
19.3741617000
19.3908276000
19.4074935000
19.4241594000
19.4408253000
19.4574912000
19.4741571000
19.4908230000
19.5074889000
19.5241548000
19.5408207000
19.5574866000
19.5741525000
19.5908184000
19.6074843000
19.6241502000
19.6408161000
19.6574820000
19.6741479000
19.6908138000
19.7074797000
19.7241456000
19.7408115000
19.7574774000
19.7741433000
19.7908092000
19.8074751000
19.8241410000
19.8408069000
19.8574728000
19.8741387000
19.8908046000
19.9074705000
19.9241364000
19.9408023000
19.9574682000
19.9741341000
19.9908000000
20.0074659000
20.0241318000
20.0407977000
20.0574636000
20.0741295000
20.0907954000
20.1074613000
20.1241272000
20.1407931000
20.1574590000
20.1741249000
20.1907908000
20.2074567000
20.2241226000
20.2407885000
20.2574544000
20.2741203000
20.2907862000
20.3074521000
20.3241180000
20.3407839000
20.3574498000
20.3741157000
20.3907816000
20.4074475000
20.4241134000
20.4407793000
20.4574452000
20.4741111000
20.4907770000
20.5074429000
20.5241088000
20.5407747000
20.5574406000
20.5741065000
20.5907724000
20.6074383000
20.6241042000
20.6407701000
20.6574360000
20.6741019000
20.6907678000
20.7074337000
20.7240996000
20.7407655000
20.7574314000
20.7740973000
20.7907632000
20.8074291000
20.8240950000
20.8407609000
20.8574268000
20.8740927000
20.8907586000
20.9074245000
20.9240904000
20.9407563000
20.9574222000
20.9740881000
20.9907540000
21.0074199000
21.0240858000
21.0407517000
21.0574176000
21.0740835000
21.0907494000
21.1074153000
21.1240812000
21.1407471000
21.1574130000
21.1740789000
21.1907448000
21.2074107000
21.2240766000
21.2407425000
21.2574084000
21.2740743000
21.2907402000
21.3074061000
21.3240720000
21.3407379000
21.3574038000
21.3740697000
21.3907356000
21.4074015000
21.4240674000
21.4407333000
21.4573992000
21.4740651000
21.4907310000
21.5073969000
21.5240628000
21.5407287000
21.5573946000
21.5740605000
21.5907264000
21.6073923000
21.6240582000
21.6407241000
21.6573900000
21.6740559000
21.6907218000
21.7073877000
21.7240536000
21.7407195000
21.7573854000
21.7740513000
21.7907172000
21.8073831000
21.8240490000
21.8407149000
21.8573808000
21.8740467000
21.8907126000
21.9073785000
21.9240444000
21.9407103000
21.9573762000
21.9740421000
21.9907080000
22.0073739000
22.0240398000
22.0407057000
22.0573716000
22.0740375000
22.0907034000
22.1073693000
22.1240352000
22.1407011000
22.1573670000
22.1740329000
22.1906988000
22.2073647000
22.2240306000
22.2406965000
22.2573624000
22.2740283000
22.2906942000
22.3073601000
22.3240260000
22.3406919000
22.3573578000
22.3740237000
22.3906896000
22.4073555000
22.4240214000
22.4406873000
22.4573532000
22.4740191000
22.4906850000
22.5073509000
22.5240168000
22.5406827000
22.5573486000
22.5740145000
22.5906804000
22.6073463000
22.6240122000
22.6406781000
22.6573440000
22.6740099000
22.6906758000
22.7073417000
22.7240076000
22.7406735000
22.7573394000
22.7740053000
22.7906712000
22.8073371000
22.8240030000
22.8406689000
22.8573348000
22.8740007000
22.8906666000
22.9073325000
22.9239984000
22.9406643000
22.9573302000
22.9739961000
22.9906620000
23.0073279000
23.0239938000
23.0406597000
23.0573256000
23.0739915000
23.0906574000
23.1073233000
23.1239892000
23.1406551000
23.1573210000
23.1739869000
23.1906528000
23.2073187000
23.2239846000
23.2406505000
23.2573164000
23.2739823000
23.2906482000
23.3073141000
23.3239800000
23.3406459000
23.3573118000
23.3739777000
23.3906436000
23.4073095000
23.4239754000
23.4406413000
23.4573072000
23.4739731000
23.4906390000
23.5073049000
23.5239708000
23.5406367000
23.5573026000
23.5739685000
23.5906344000
23.6073003000
23.6239662000
23.6406321000
23.6572980000
23.6739639000
23.6906298000
23.7072957000
23.7239616000
23.7406275000
23.7572934000
23.7739593000
23.7906252000
23.8072911000
23.8239570000
23.8406229000
23.8572888000
23.8739547000
23.8906206000
23.9072865000
23.9239524000
23.9406183000
23.9572842000
23.9739501000
23.9906160000
24.0072819000
24.0239478000
24.0406137000
24.0572796000
24.0739455000
24.0906114000
24.1072773000
24.1239432000
24.1406091000
24.1572750000
24.1739409000
24.1906068000
24.2072727000
24.2239386000
24.2406045000
24.2572704000
24.2739363000
24.2906022000
24.3072681000
24.3239340000
24.3405999000
24.3572658000
24.3739317000
24.3905976000
24.4072635000
24.4239294000
24.4405953000
24.4572612000
24.4739271000
24.4905930000
24.5072589000
24.5239248000
24.5405907000
24.5572566000
24.5739225000
24.5905884000
24.6072543000
24.6239202000
24.6405861000
24.6572520000
24.6739179000
24.6905838000
24.7072497000
24.7239156000
24.7405815000
24.7572474000
24.7739133000
24.7905792000
24.8072451000
24.8239110000
24.8405769000
24.8572428000
24.8739087000
24.8905746000
24.9072405000
24.9239064000
24.9405723000
24.9572382000
24.9739041000
24.9905700000
25.0072359000
25.0239018000
25.0405677000
25.0572336000
25.0738995000
25.0905654000
25.1072313000
25.1238972000
25.1405631000
25.1572290000
25.1738949000
25.1905608000
25.2072267000
25.2238926000
25.2405585000
25.2572244000
25.2738903000
25.2905562000
25.3072221000
25.3238880000
25.3405539000
25.3572198000
25.3738857000
25.3905516000
25.4072175000
25.4238834000
25.4405493000
25.4572152000
25.4738811000
25.4905470000
25.5072129000
25.5238788000
25.5405447000
25.5572106000
25.5738765000
25.5905424000
25.6072083000
25.6238742000
25.6405401000
25.6572060000
25.6738719000
25.6905378000
25.7072037000
25.7238696000
25.7405355000
25.7572014000
25.7738673000
25.7905332000
25.8071991000
25.8238650000
25.8405309000
25.8571968000
25.8738627000
25.8905286000
25.9071945000
25.9238604000
25.9405263000
25.9571922000
25.9738581000
25.9905240000
26.0071899000
26.0238558000
26.0405217000
26.0571876000
26.0738535000
26.0905194000
26.1071853000
26.1238512000
26.1405171000
26.1571830000
26.1738489000
26.1905148000
26.2071807000
26.2238466000
26.2405125000
26.2571784000
26.2738443000
26.2905102000
26.3071761000
26.3238420000
26.3405079000
26.3571738000
26.3738397000
26.3905056000
26.4071715000
26.4238374000
26.4405033000
26.4571692000
26.4738351000
26.4905010000
26.5071669000
26.5238328000
26.5404987000
26.5571646000
26.5738305000
26.5904964000
26.6071623000
26.6238282000
26.6404941000
26.6571600000
26.6738259000
26.6904918000
26.7071577000
26.7238236000
26.7404895000
26.7571554000
26.7738213000
26.7904872000
26.8071531000
26.8238190000
26.8404849000
26.8571508000
26.8738167000
26.8904826000
26.9071485000
26.9238144000
26.9404803000
26.9571462000
26.9738121000
26.9904780000
27.0071439000
27.0238098000
27.0404757000
27.0571416000
27.0738075000
27.0904734000
27.1071393000
27.1238052000
27.1404711000
27.1571370000
27.1738029000
27.1904688000
27.2071347000
27.2238006000
27.2404665000
27.2571324000
27.2737983000
27.2904642000
27.3071301000
27.3237960000
27.3404619000
27.3571278000
27.3737937000
27.3904596000
27.4071255000
27.4237914000
27.4404573000
27.4571232000
27.4737891000
27.4904550000
27.5071209000
27.5237868000
27.5404527000
27.5571186000
27.5737845000
27.5904504000
27.6071163000
27.6237822000
27.6404481000
27.6571140000
27.6737799000
27.6904458000
27.7071117000
27.7237776000
27.7404435000
27.7571094000
27.7737753000
27.7904412000
27.8071071000
27.8237730000
27.8404389000
27.8571048000
27.8737707000
27.8904366000
27.9071025000
27.9237684000
27.9404343000
27.9571002000
27.9737661000
27.9904320000
28.0070979000
28.0237638000
28.0404297000
28.0570956000
28.0737615000
28.0904274000
28.1070933000
28.1237592000
28.1404251000
28.1570910000
28.1737569000
28.1904228000
28.2070887000
28.2237546000
28.2404205000
28.2570864000
28.2737523000
28.2904182000
28.3070841000
28.3237500000
28.3404159000
28.3570818000
28.3737477000
28.3904136000
28.4070795000
28.4237454000
28.4404113000
28.4570772000
28.4737431000
28.4904090000
28.5070749000
28.5237408000
28.5404067000
28.5570726000
28.5737385000
28.5904044000
28.6070703000
28.6237362000
28.6404021000
28.6570680000
28.6737339000
28.6903998000
28.7070657000
28.7237316000
28.7403975000
28.7570634000
28.7737293000
28.7903952000
28.8070611000
28.8237270000
28.8403929000
28.8570588000
28.8737247000
28.8903906000
28.9070565000
28.9237224000
28.9403883000
28.9570542000
28.9737201000
28.9903860000
29.0070519000
29.0237178000
29.0403837000
29.0570496000
29.0737155000
29.0903814000
29.1070473000
29.1237132000
29.1403791000
29.1570450000
29.1737109000
29.1903768000
29.2070427000
29.2237086000
29.2403745000
29.2570404000
29.2737063000
29.2903722000
29.3070381000
29.3237040000
29.3403699000
29.3570358000
29.3737017000
29.3903676000
29.4070335000
29.4236994000
29.4403653000
29.4570312000
29.4736971000
29.4903630000
29.5070289000
29.5236948000
29.5403607000
29.5570266000
29.5736925000
29.5903584000
29.6070243000
29.6236902000
29.6403561000
29.6570220000
29.6736879000
29.6903538000
29.7070197000
29.7236856000
29.7403515000
29.7570174000
29.7736833000
29.7903492000
29.8070151000
29.8236810000
29.8403469000
29.8570128000
29.8736787000
29.8903446000
29.9070105000
29.9236764000
29.9403423000
29.9570082000
29.9736741000
29.9903400000
30.0070059000
30.0236718000
30.0403377000
30.0570036000
30.0736695000
30.0903354000
30.1070013000
30.1236672000
30.1403331000
30.1569990000
30.1736649000
30.1903308000
30.2069967000
30.2236626000
30.2403285000
30.2569944000
30.2736603000
30.2903262000
30.3069921000
30.3236580000
30.3403239000
30.3569898000
30.3736557000
30.3903216000
30.4069875000
30.4236534000
30.4403193000
30.4569852000
30.4736511000
30.4903170000
30.5069829000
30.5236488000
30.5403147000
30.5569806000
30.5736465000
30.5903124000
30.6069783000
30.6236442000
30.6403101000
30.6569760000
30.6736419000
30.6903078000
30.7069737000
30.7236396000
30.7403055000
30.7569714000
30.7736373000
30.7903032000
30.8069691000
30.8236350000
30.8403009000
30.8569668000
30.8736327000
30.8902986000
30.9069645000
30.9236304000
30.9402963000
30.9569622000
30.9736281000
30.9902940000
31.0069599000
31.0236258000
31.0402917000
31.0569576000
31.0736235000
31.0902894000
31.1069553000
31.1236212000
31.1402871000
31.1569530000
31.1736189000
31.1902848000
31.2069507000
31.2236166000
31.2402825000
31.2569484000
31.2736143000
31.2902802000
31.3069461000
31.3236120000
31.3402779000
31.3569438000
31.3736097000
31.3902756000
31.4069415000
31.4236074000
31.4402733000
31.4569392000
31.4736051000
31.4902710000
31.5069369000
31.5236028000
31.5402687000
31.5569346000
31.5736005000
31.5902664000
31.6069323000
31.6235982000
31.6402641000
31.6569300000
31.6735959000
31.6902618000
31.7069277000
31.7235936000
31.7402595000
31.7569254000
31.7735913000
31.7902572000
31.8069231000
31.8235890000
31.8402549000
31.8569208000
31.8735867000
31.8902526000
31.9069185000
31.9235844000
31.9402503000
31.9569162000
31.9735821000
31.9902480000
32.0069139000
32.0235798000
32.0402457000
32.0569116000
32.0735775000
32.0902434000
32.1069093000
32.1235752000
32.1402411000
32.1569070000
32.1735729000
32.1902388000
32.2069047000
32.2235706000
32.2402365000
32.2569024000
32.2735683000
32.2902342000
32.3069001000
32.3235660000
32.3402319000
32.3568978000
32.3735637000
32.3902296000
32.4068955000
32.4235614000
32.4402273000
32.4568932000
32.4735591000
32.4902250000
32.5068909000
32.5235568000
32.5402227000
32.5568886000
32.5735545000
32.5902204000
32.6068863000
32.6235522000
32.6402181000
32.6568840000
32.6735499000
32.6902158000
32.7068817000
32.7235476000
32.7402135000
32.7568794000
32.7735453000
32.7902112000
32.8068771000
32.8235430000
32.8402089000
32.8568748000
32.8735407000
32.8902066000
32.9068725000
32.9235384000
32.9402043000
32.9568702000
32.9735361000
32.9902020000
33.0068679000
33.0235338000
33.0401997000
33.0568656000
33.0735315000
33.0901974000
33.1068633000
33.1235292000
33.1401951000
33.1568610000
33.1735269000
33.1901928000
33.2068587000
33.2235246000
33.2401905000
33.2568564000
33.2735223000
33.2901882000
33.3068541000
33.3235200000
33.3401859000
33.3568518000
33.3735177000
33.3901836000
33.4068495000
33.4235154000
33.4401813000
33.4568472000
33.4735131000
33.4901790000
33.5068449000
33.5235108000
33.5401767000
33.5568426000
33.5735085000
33.5901744000
33.6068403000
33.6235062000
33.6401721000
33.6568380000
33.6735039000
33.6901698000
33.7068357000
33.7235016000
33.7401675000
33.7568334000
33.7734993000
33.7901652000
33.8068311000
33.8234970000
33.8401629000
33.8568288000
33.8734947000
33.8901606000
33.9068265000
33.9234924000
33.9401583000
33.9568242000
33.9734901000
33.9901560000
34.0068219000
34.0234878000
34.0401537000
34.0568196000
34.0734855000
34.0901514000
34.1068173000
34.1234832000
34.1401491000
34.1568150000
34.1734809000
34.1901468000
34.2068127000
34.2234786000
34.2401445000
34.2568104000
34.2734763000
34.2901422000
34.3068081000
34.3234740000
34.3401399000
34.3568058000
34.3734717000
34.3901376000
34.4068035000
34.4234694000
34.4401353000
34.4568012000
34.4734671000
34.4901330000
34.5067989000
34.5234648000
34.5401307000
34.5567966000
34.5734625000
34.5901284000
34.6067943000
34.6234602000
34.6401261000
34.6567920000
34.6734579000
34.6901238000
34.7067897000
34.7234556000
34.7401215000
34.7567874000
34.7734533000
34.7901192000
34.8067851000
34.8234510000
34.8401169000
34.8567828000
34.8734487000
34.8901146000
34.9067805000
34.9234464000
34.9401123000
34.9567782000
34.9734441000
34.9901100000
35.0067759000
35.0234418000
35.0401077000
35.0567736000
35.0734395000
35.0901054000
35.1067713000
35.1234372000
35.1401031000
35.1567690000
35.1734349000
35.1901008000
35.2067667000
35.2234326000
35.2400985000
35.2567644000
35.2734303000
35.2900962000
35.3067621000
35.3234280000
35.3400939000
35.3567598000
35.3734257000
35.3900916000
35.4067575000
35.4234234000
35.4400893000
35.4567552000
35.4734211000
35.4900870000
35.5067529000
35.5234188000
35.5400847000
35.5567506000
35.5734165000
35.5900824000
35.6067483000
35.6234142000
35.6400801000
35.6567460000
35.6734119000
35.6900778000
35.7067437000
35.7234096000
35.7400755000
35.7567414000
35.7734073000
35.7900732000
35.8067391000
35.8234050000
35.8400709000
35.8567368000
35.8734027000
35.8900686000
35.9067345000
35.9234004000
35.9400663000
35.9567322000
35.9733981000
35.9900640000
36.0067299000
36.0233958000
36.0400617000
36.0567276000
36.0733935000
36.0900594000
36.1067253000
36.1233912000
36.1400571000
36.1567230000
36.1733889000
36.1900548000
36.2067207000
36.2233866000
36.2400525000
36.2567184000
36.2733843000
36.2900502000
36.3067161000
36.3233820000
36.3400479000
36.3567138000
36.3733797000
36.3900456000
36.4067115000
36.4233774000
36.4400433000
36.4567092000
36.4733751000
36.4900410000
36.5067069000
36.5233728000
36.5400387000
36.5567046000
36.5733705000
36.5900364000
36.6067023000
36.6233682000
36.6400341000
36.6567000000
36.6733659000
36.6900318000
36.7066977000
36.7233636000
36.7400295000
36.7566954000
36.7733613000
36.7900272000
36.8066931000
36.8233590000
36.8400249000
36.8566908000
36.8733567000
36.8900226000
36.9066885000
36.9233544000
36.9400203000
36.9566862000
36.9733521000
36.9900180000
37.0066839000
37.0233498000
37.0400157000
37.0566816000
37.0733475000
37.0900134000
37.1066793000
37.1233452000
37.1400111000
37.1566770000
37.1733429000
37.1900088000
37.2066747000
37.2233406000
37.2400065000
37.2566724000
37.2733383000
37.2900042000
37.3066701000
37.3233360000
37.3400019000
37.3566678000
37.3733337000
37.3899996000
37.4066655000
37.4233314000
37.4399973000
37.4566632000
37.4733291000
37.4899950000
37.5066609000
37.5233268000
37.5399927000
37.5566586000
37.5733245000
37.5899904000
37.6066563000
37.6233222000
37.6399881000
37.6566540000
37.6733199000
37.6899858000
37.7066517000
37.7233176000
37.7399835000
37.7566494000
37.7733153000
37.7899812000
37.8066471000
37.8233130000
37.8399789000
37.8566448000
37.8733107000
37.8899766000
37.9066425000
37.9233084000
37.9399743000
37.9566402000
37.9733061000
37.9899720000
38.0066379000
38.0233038000
38.0399697000
38.0566356000
38.0733015000
38.0899674000
38.1066333000
38.1232992000
38.1399651000
38.1566310000
38.1732969000
38.1899628000
38.2066287000
38.2232946000
38.2399605000
38.2566264000
38.2732923000
38.2899582000
38.3066241000
38.3232900000
38.3399559000
38.3566218000
38.3732877000
38.3899536000
38.4066195000
38.4232854000
38.4399513000
38.4566172000
38.4732831000
38.4899490000
38.5066149000
38.5232808000
38.5399467000
38.5566126000
38.5732785000
38.5899444000
38.6066103000
38.6232762000
38.6399421000
38.6566080000
38.6732739000
38.6899398000
38.7066057000
38.7232716000
38.7399375000
38.7566034000
38.7732693000
38.7899352000
38.8066011000
38.8232670000
38.8399329000
38.8565988000
38.8732647000
38.8899306000
38.9065965000
38.9232624000
38.9399283000
38.9565942000
38.9732601000
38.9899260000
39.0065919000
39.0232578000
39.0399237000
39.0565896000
39.0732555000
39.0899214000
39.1065873000
39.1232532000
39.1399191000
39.1565850000
39.1732509000
39.1899168000
39.2065827000
39.2232486000
39.2399145000
39.2565804000
39.2732463000
39.2899122000
39.3065781000
39.3232440000
39.3399099000
39.3565758000
39.3732417000
39.3899076000
39.4065735000
39.4232394000
39.4399053000
39.4565712000
39.4732371000
39.4899030000
39.5065689000
39.5232348000
39.5399007000
39.5565666000
39.5732325000
39.5898984000
39.6065643000
39.6232302000
39.6398961000
39.6565620000
39.6732279000
39.6898938000
39.7065597000
39.7232256000
39.7398915000
39.7565574000
39.7732233000
39.7898892000
39.8065551000
39.8232210000
39.8398869000
39.8565528000
39.8732187000
39.8898846000
39.9065505000
39.9232164000
39.9398823000
39.9565482000
39.9732141000
39.9898800000
40.0065459000
40.0232118000
40.0398777000
40.0565436000
40.0732095000
40.0898754000
40.1065413000
40.1232072000
40.1398731000
40.1565390000
40.1732049000
40.1898708000
40.2065367000
40.2232026000
40.2398685000
40.2565344000
40.2732003000
40.2898662000
40.3065321000
40.3231980000
40.3398639000
40.3565298000
