19791205
19791216
19791227
19801001
19810208
19811102
19811124
19820302
19830118
19830201
19840103
19840111
19840113
19840122
19841018
19841123
19851106
19860113
19860120
19860320
19860325
19861022
19871016
19880131
19880208
19881129
19881222
19890113
19890213
19890215
19891021
19891028
19900123
19900125
19900201
19900208
19900211
19900220
19900226
19900228
19900228
19910104
19910108
19911219
19920101
19920227
19921125
19921218
19921225
19930107
19930110
19930113
19930114
19930116
19930123
19930203
19931208
19940123
19940128
19941208
19950118
19950119
19950123
19951025
19960207
19961012
19961021
19961027
19961105
19961106
19970219
19970223
19970328
19971224
19980103
19980104
19981028
19981226
19990115
19991203
19991226
19991227
20000102
20001030
20001125
20011227
20020127
20020128
20020226
20021027
20050107
20050111
20051107
20051111
20060110
20061231
20070118
20070317
20071108
20071208
20080108
20080125
20080201
20080207
20080302
20080311
20081219
20090117
20090124
20090211
20090211
20110203
20111124
20111208
20111216
20111225
20111226
20111228
20120103
20120103
20131028
20131116
20131205
20131212
20131214
20131215
20131218
20131227
20140212
20150108
20150110
20150110
20150112
20150207
20160129
20160201
20160207
20161223
20161225
20171016
2020020721
2020021015
2020021512
2020100400
2020103112
2021032321
