1979011400
1979031512
1979120500
1980032800
1990012515
1981110215
1983011812
1983020118
1984011303
1984011421
1984112321
1986012006
1986032500
1986102200
1987101606
1988020821
1988112918
1990012515
1990020309
1990020800
1990021121
1990022618
1990022818
1991010818
1992112506
1993011315
1993012303
1993120818
1994012806
1995011803
1996020712
1996102718
1996110518
1997032800
1997122418
1998010412
1998102800
1998122618
1999120318
1999122606
1999122718
2000103003
2002012715
2002102715
2005010712
2005011121
2007011815
2008020112
2008030200
2009012406
2009021103
2010022712
2011121600
2011122603
2011122812
2012010300
2013102815
2013120515
