34.4199218750
34.4599609375
34.5000000000
34.5400390625
34.5800781250
34.6201171875
34.6601562500
34.7001953125
34.7402343750
34.7802734375
34.8203125000
34.8603515625
34.9003906250
34.9404296875
34.9804687500
35.0195312500
35.0595703125
35.0996093750
35.1396484375
35.1796875000
35.2197265625
35.2597656250
35.2998046875
35.3398437500
35.3798828125
35.4199218750
35.4599609375
35.5000000000
35.5400390625
35.5800781250
35.6201171875
35.6601562500
35.7001953125
35.7402343750
35.7802734375
35.8203125000
35.8603515625
35.9003906250
35.9404296875
35.9804687500
36.0195312500
36.0595703125
36.0996093750
36.1396484375
36.1796875000
36.2197265625
36.2597656250
36.2998046875
36.3398437500
36.3798828125
36.4199218750
36.4599609375
36.5000000000
36.5400390625
36.5800781250
36.6201171875
36.6601562500
36.7001953125
36.7402343750
36.7802734375
36.8203125000
36.8603515625
36.9003906250
36.9404296875
36.9804687500
37.0195312500
37.0595703125
37.0996093750
37.1396484375
37.1796875000
37.2197265625
37.2597656250
37.2998046875
37.3398437500
37.3798828125
37.4199218750
37.4599609375
37.5000000000
37.5400390625
37.5800781250
37.6201171875
37.6601562500
37.7001953125
37.7402343750
37.7802734375
37.8203125000
37.8603515625
37.9003906250
37.9404296875
37.9804687500
38.0195312500
38.0595703125
38.0996093750
38.1396484375
38.1796875000
38.2197265625
38.2597656250
38.2998046875
38.3398437500
38.3798828125
38.4199218750
38.4599609375
38.5000000000
38.5400390625
38.5800781250
38.6201171875
38.6601562500
38.7001953125
38.7402343750
38.7802734375
38.8203125000
38.8603515625
38.9003906250
38.9404296875
38.9804687500
39.0195312500
39.0595703125
39.0996093750
39.1396484375
39.1796875000
39.2197265625
39.2597656250
39.2998046875
39.3398437500
39.3798828125
39.4199218750
39.4599609375
39.5000000000
39.5400390625
39.5800781250
39.6201171875
39.6601562500
39.7001953125
39.7402343750
39.7802734375
39.8203125000
39.8603515625
39.9003906250
39.9404296875
39.9804687500
40.0195312500
40.0595703125
40.0996093750
40.1396484375
40.1796875000
40.2197265625
40.2597656250
40.2998046875
40.3398437500
40.3798828125
40.4199218750
40.4599609375
40.5000000000
40.5400390625
40.5800781250
40.6201171875
40.6601562500
40.7001953125
40.7402343750
40.7802734375
40.8203125000
40.8603515625
40.9003906250
40.9404296875
40.9804687500
41.0195312500
41.0595703125
41.0996093750
41.1396484375
41.1796875000
41.2197265625
41.2597656250
41.2998046875
41.3398437500
41.3798828125
41.4199218750
41.4599609375
41.5000000000
41.5400390625
41.5800781250
41.6201171875
41.6601562500
41.7001953125
41.7402343750
41.7802734375
41.8203125000
41.8603515625
41.9003906250
41.9404296875
41.9804687500
42.0195312500
42.0595703125
42.0996093750
42.1396484375
42.1796875000
42.2197265625
42.2597656250
42.2998046875
42.3398437500
42.3798828125
42.4199218750
42.4599609375
42.5000000000
42.5400390625
42.5800781250
42.6201171875
42.6601562500
42.7001953125
42.7402343750
42.7802734375
42.8203125000
42.8603515625
42.9003906250
42.9404296875
42.9804687500
43.0195312500
43.0595703125
43.0996093750
43.1396484375
43.1796875000
43.2197265625
43.2597656250
43.2998046875
43.3398437500
43.3798828125
43.4199218750
43.4599609375
43.5000000000
43.5400390625
43.5800781250
43.6201171875
43.6601562500
43.7001953125
43.7402343750
43.7802734375
43.8203125000
43.8603515625
43.9003906250
43.9404296875
43.9804687500
44.0195312500
44.0595703125
44.0996093750
44.1396484375
44.1796875000
44.2197265625
44.2597656250
44.2998046875
44.3398437500
44.3798828125
44.4199218750
44.4599609375
44.5000000000
44.5400390625
44.5800781250
44.6201171875
44.6601562500
44.7001953125
44.7402343750
44.7802734375
44.8203125000
44.8603515625
44.9003906250
44.9404296875
44.9804687500
45.0195312500
45.0595703125
45.0996093750
45.1396484375
45.1796875000
45.2197265625
45.2597656250
45.2998046875
45.3398437500
45.3798828125
45.4199218750
45.4599609375
45.5000000000
45.5400390625
45.5800781250
45.6201171875
45.6601562500
45.7001953125
45.7402343750
45.7802734375
45.8203125000
45.8603515625
45.9003906250
45.9404296875
45.9804687500
46.0195312500
46.0595703125
46.0996093750
46.1396484375
46.1796875000
46.2197265625
46.2597656250
46.2998046875
46.3398437500
46.3798828125
46.4199218750
46.4599609375
46.5000000000
46.5400390625
46.5800781250
46.6201171875
46.6601562500
46.7001953125
46.7402343750
46.7802734375
46.8203125000
46.8603515625
46.9003906250
46.9404296875
46.9804687500
47.0195312500
47.0595703125
47.0996093750
47.1396484375
47.1796875000
47.2197265625
47.2597656250
47.2998046875
47.3398437500
47.3798828125
47.4199218750
47.4599609375
47.5000000000
47.5400390625
47.5800781250
47.6201171875
47.6601562500
47.7001953125
47.7402343750
47.7802734375
47.8203125000
47.8603515625
47.9003906250
47.9404296875
47.9804687500
48.0195312500
48.0595703125
48.0996093750
48.1396484375
48.1796875000
48.2197265625
48.2597656250
48.2998046875
48.3398437500
48.3798828125
48.4199218750
48.4599609375
48.5000000000
48.5400390625
48.5800781250
48.6201171875
48.6601562500
48.7001953125
48.7402343750
48.7802734375
48.8203125000
48.8603515625
48.9003906250
48.9404296875
48.9804687500
49.0195312500
49.0595703125
49.0996093750
49.1396484375
49.1796875000
49.2197265625
49.2597656250
49.2998046875
49.3398437500
49.3798828125
49.4199218750
49.4599609375
49.5000000000
49.5400390625
49.5800781250
49.6201171875
49.6601562500
49.7001953125
49.7402343750
49.7802734375
49.8203125000
49.8603515625
49.9003906250
49.9404296875
49.9804687500
50.0195312500
50.0595703125
50.0996093750
50.1396484375
50.1796875000
50.2197265625
50.2597656250
50.2998046875
50.3398437500
50.3798828125
50.4199218750
50.4599609375
50.5000000000
50.5400390625
50.5800781250
50.6201171875
50.6601562500
50.7001953125
50.7402343750
50.7802734375
50.8203125000
50.8603515625
50.9003906250
50.9404296875
50.9804687500
51.0195312500
51.0595703125
51.0996093750
51.1396484375
51.1796875000
51.2197265625
51.2597656250
51.2998046875
51.3398437500
51.3798828125
51.4199218750
51.4599609375
51.5000000000
51.5400390625
51.5800781250
51.6201171875
51.6601562500
51.7001953125
51.7402343750
51.7802734375
51.8203125000
51.8603515625
51.9003906250
51.9404296875
51.9804687500
52.0195312500
52.0595703125
52.0996093750
52.1396484375
52.1796875000
52.2197265625
52.2597656250
52.2998046875
52.3398437500
52.3798828125
52.4199218750
52.4599609375
52.5000000000
52.5400390625
52.5800781250
52.6201171875
52.6601562500
52.7001953125
52.7402343750
52.7802734375
52.8203125000
52.8603515625
52.9003906250
52.9404296875
52.9804687500
53.0195312500
53.0595703125
53.0996093750
53.1396484375
53.1796875000
53.2197265625
53.2597656250
53.2998046875
53.3398437500
53.3798828125
53.4199218750
53.4599609375
53.5000000000
53.5400390625
53.5800781250
53.6201171875
53.6601562500
53.7001953125
53.7402343750
53.7802734375
53.8203125000
53.8603515625
53.9003906250
53.9404296875
53.9804687500
54.0195312500
54.0595703125
54.0996093750
54.1396484375
54.1796875000
54.2197265625
54.2597656250
54.2998046875
54.3398437500
54.3798828125
54.4199218750
54.4599609375
54.5000000000
54.5400390625
54.5800781250
54.6201171875
54.6601562500
54.7001953125
54.7402343750
54.7802734375
54.8203125000
54.8603515625
54.9003906250
54.9404296875
54.9804687500
55.0195312500
55.0595703125
55.0996093750
55.1396484375
55.1796875000
55.2197265625
55.2597656250
55.2998046875
55.3398437500
55.3798828125
55.4199218750
55.4599609375
55.5000000000
55.5400390625
55.5800781250
55.6201171875
55.6601562500
55.7001953125
55.7402343750
55.7802734375
55.8203125000
55.8603515625
55.9003906250
55.9404296875
55.9804687500
56.0195312500
56.0595703125
56.0996093750
56.1396484375
56.1796875000
56.2197265625
56.2597656250
56.2998046875
56.3398437500
56.3798828125
56.4199218750
56.4599609375
56.5000000000
56.5400390625
56.5800781250
56.6201171875
56.6601562500
56.7001953125
56.7402343750
56.7802734375
56.8203125000
56.8603515625
56.9003906250
56.9404296875
56.9804687500
57.0195312500
57.0595703125
57.0996093750
57.1396484375
57.1796875000
57.2197265625
57.2597656250
57.2998046875
57.3398437500
57.3798828125
57.4199218750
57.4599609375
57.5000000000
57.5400390625
57.5800781250
57.6201171875
57.6601562500
57.7001953125
57.7402343750
57.7802734375
57.8203125000
57.8603515625
57.9003906250
57.9404296875
57.9804687500
58.0195312500
58.0595703125
58.0996093750
58.1396484375
58.1796875000
58.2197265625
58.2597656250
58.2998046875
58.3398437500
58.3798828125
58.4199218750
58.4599609375
58.5000000000
58.5400390625
58.5800781250
58.6201171875
58.6601562500
58.7001953125
58.7402343750
58.7802734375
58.8203125000
58.8603515625
58.9003906250
58.9404296875
58.9804687500
59.0195312500
59.0595703125
59.0996093750
59.1396484375
59.1796875000
59.2197265625
59.2597656250
59.2998046875
59.3398437500
59.3798828125
59.4199218750
59.4599609375
59.5000000000
59.5400390625
59.5800781250
59.6201171875
59.6601562500
59.7001953125
59.7402343750
59.7802734375
59.8203125000
59.8603515625
59.9003906250
59.9404296875
59.9804687500
60.0195312500
60.0595703125
60.0996093750
60.1396484375
60.1796875000
60.2197265625
60.2597656250
60.2998046875
60.3398437500
60.3798828125
60.4199218750
60.4599609375
60.5000000000
60.5400390625
60.5800781250
60.6201171875
60.6601562500
60.7001953125
60.7402343750
60.7802734375
60.8203125000
60.8603515625
60.9003906250
60.9404296875
60.9804687500
61.0195312500
61.0595703125
61.0996093750
61.1396484375
61.1796875000
61.2197265625
61.2597656250
61.2998046875
61.3398437500
61.3798828125
61.4199218750
61.4599609375
61.5000000000
61.5400390625
61.5800781250
61.6201171875
61.6601562500
61.7001953125
61.7402343750
61.7802734375
61.8203125000
61.8603515625
61.9003906250
61.9404296875
61.9804687500
62.0195312500
62.0595703125
62.0996093750
62.1396484375
62.1796875000
62.2197265625
62.2597656250
62.2998046875
62.3398437500
62.3798828125
62.4199218750
62.4599609375
62.5000000000
62.5400390625
62.5800781250
62.6201171875
62.6601562500
62.7001953125
62.7402343750
62.7802734375
62.8203125000
62.8603515625
62.9003906250
62.9404296875
62.9804687500
63.0195312500
63.0595703125
63.0996093750
63.1396484375
63.1796875000
63.2197265625
63.2597656250
63.2998046875
63.3398437500
63.3798828125
63.4199218750
63.4599609375
63.5000000000
63.5400390625
63.5800781250
63.6201171875
63.6601562500
63.7001953125
63.7402343750
63.7802734375
63.8203125000
63.8603515625
63.9003906250
63.9404296875
63.9804687500
64.0195312500
64.0595703125
64.0996093750
64.1396484375
64.1796875000
64.2197265625
64.2597656250
64.2998046875
64.3398437500
64.3798828125
64.4199218750
64.4599609375
64.5000000000
64.5400390625
64.5800781250
64.6201171875
64.6601562500
64.7001953125
64.7402343750
64.7802734375
64.8203125000
64.8603515625
64.9003906250
64.9404296875
64.9804687500
65.0195312500
65.0595703125
65.0996093750
65.1396484375
65.1796875000
65.2197265625
65.2597656250
65.2998046875
65.3398437500
65.3798828125
65.4199218750
65.4599609375
65.5000000000
65.5400390625
65.5800781250
65.6201171875
65.6601562500
65.7001953125
65.7402343750
65.7802734375
65.8203125000
65.8603515625
65.9003906250
65.9404296875
65.9804687500
66.0195312500
66.0595703125
66.0996093750
66.1396484375
66.1796875000
66.2197265625
66.2597656250
66.2998046875
66.3398437500
66.3798828125
66.4199218750
66.4599609375
66.5000000000
66.5400390625
66.5800781250
66.6201171875
66.6601562500
66.7001953125
66.7402343750
66.7802734375
66.8203125000
66.8603515625
66.9003906250
66.9404296875
66.9804687500
67.0195312500
67.0595703125
67.0996093750
67.1396484375
67.1796875000
67.2197265625
67.2597656250
67.2998046875
67.3398437500
67.3798828125
67.4199218750
67.4599609375
67.5000000000
67.5400390625
67.5800781250
67.6201171875
67.6601562500
67.7001953125
67.7402343750
67.7802734375
67.8203125000
67.8603515625
67.9003906250
67.9404296875
67.9804687500
68.0195312500
68.0595703125
68.0996093750
68.1396484375
68.1796875000
68.2197265625
68.2597656250
68.2998046875
68.3398437500
68.3798828125
68.4199218750
68.4599609375
68.5000000000
68.5400390625
68.5800781250
68.6201171875
68.6601562500
68.7001953125
68.7402343750
68.7802734375
68.8203125000
68.8603515625
68.9003906250
68.9404296875
68.9804687500
69.0195312500
69.0595703125
69.0996093750
69.1396484375
69.1796875000
69.2197265625
69.2597656250
69.2998046875
69.3398437500
69.3798828125
69.4199218750
69.4599609375
69.5000000000
69.5400390625
69.5800781250
69.6201171875
69.6601562500
69.7001953125
69.7402343750
69.7802734375
69.8203125000
69.8603515625
69.9003906250
69.9404296875
69.9804687500
70.0195312500
70.0595703125
70.0996093750
70.1396484375
70.1796875000
70.2197265625
70.2597656250
70.2998046875
70.3398437500
70.3798828125
70.4199218750
70.4599609375
70.5000000000
70.5400390625
70.5800781250
70.6201171875
70.6601562500
70.7001953125
70.7402343750
70.7802734375
70.8203125000
70.8603515625
70.9003906250
70.9404296875
70.9804687500
71.0195312500
71.0595703125
71.0996093750
71.1396484375
71.1796875000
71.2197265625
71.2597656250
71.2998046875
71.3398437500
71.3798828125
71.4199218750
71.4599609375
71.5000000000
