-24.9804687500
-24.9404296875
-24.9003906250
-24.8603515625
-24.8203125000
-24.7802734375
-24.7402343750
-24.7001953125
-24.6601562500
-24.6201171875
-24.5800781250
-24.5400390625
-24.5000000000
-24.4599609375
-24.4199218750
-24.3798828125
-24.3398437500
-24.2998046875
-24.2597656250
-24.2197265625
-24.1796875000
-24.1396484375
-24.0996093750
-24.0595703125
-24.0195312500
-23.9804687500
-23.9404296875
-23.9003906250
-23.8603515625
-23.8203125000
-23.7802734375
-23.7402343750
-23.7001953125
-23.6601562500
-23.6201171875
-23.5800781250
-23.5400390625
-23.5000000000
-23.4599609375
-23.4199218750
-23.3798828125
-23.3398437500
-23.2998046875
-23.2597656250
-23.2197265625
-23.1796875000
-23.1396484375
-23.0996093750
-23.0595703125
-23.0195312500
-22.9804687500
-22.9404296875
-22.9003906250
-22.8603515625
-22.8203125000
-22.7802734375
-22.7402343750
-22.7001953125
-22.6601562500
-22.6201171875
-22.5800781250
-22.5400390625
-22.5000000000
-22.4599609375
-22.4199218750
-22.3798828125
-22.3398437500
-22.2998046875
-22.2597656250
-22.2197265625
-22.1796875000
-22.1396484375
-22.0996093750
-22.0595703125
-22.0195312500
-21.9804687500
-21.9404296875
-21.9003906250
-21.8603515625
-21.8203125000
-21.7802734375
-21.7402343750
-21.7001953125
-21.6601562500
-21.6201171875
-21.5800781250
-21.5400390625
-21.5000000000
-21.4599609375
-21.4199218750
-21.3798828125
-21.3398437500
-21.2998046875
-21.2597656250
-21.2197265625
-21.1796875000
-21.1396484375
-21.0996093750
-21.0595703125
-21.0195312500
-20.9804687500
-20.9404296875
-20.9003906250
-20.8603515625
-20.8203125000
-20.7802734375
-20.7402343750
-20.7001953125
-20.6601562500
-20.6201171875
-20.5800781250
-20.5400390625
-20.5000000000
-20.4599609375
-20.4199218750
-20.3798828125
-20.3398437500
-20.2998046875
-20.2597656250
-20.2197265625
-20.1796875000
-20.1396484375
-20.0996093750
-20.0595703125
-20.0195312500
-19.9804687500
-19.9404296875
-19.9003906250
-19.8603515625
-19.8203125000
-19.7802734375
-19.7402343750
-19.7001953125
-19.6601562500
-19.6201171875
-19.5800781250
-19.5400390625
-19.5000000000
-19.4599609375
-19.4199218750
-19.3798828125
-19.3398437500
-19.2998046875
-19.2597656250
-19.2197265625
-19.1796875000
-19.1396484375
-19.0996093750
-19.0595703125
-19.0195312500
-18.9804687500
-18.9404296875
-18.9003906250
-18.8603515625
-18.8203125000
-18.7802734375
-18.7402343750
-18.7001953125
-18.6601562500
-18.6201171875
-18.5800781250
-18.5400390625
-18.5000000000
-18.4599609375
-18.4199218750
-18.3798828125
-18.3398437500
-18.2998046875
-18.2597656250
-18.2197265625
-18.1796875000
-18.1396484375
-18.0996093750
-18.0595703125
-18.0195312500
-17.9804687500
-17.9404296875
-17.9003906250
-17.8603515625
-17.8203125000
-17.7802734375
-17.7402343750
-17.7001953125
-17.6601562500
-17.6201171875
-17.5800781250
-17.5400390625
-17.5000000000
-17.4599609375
-17.4199218750
-17.3798828125
-17.3398437500
-17.2998046875
-17.2597656250
-17.2197265625
-17.1796875000
-17.1396484375
-17.0996093750
-17.0595703125
-17.0195312500
-16.9804687500
-16.9404296875
-16.9003906250
-16.8603515625
-16.8203125000
-16.7802734375
-16.7402343750
-16.7001953125
-16.6601562500
-16.6201171875
-16.5800781250
-16.5400390625
-16.5000000000
-16.4599609375
-16.4199218750
-16.3798828125
-16.3398437500
-16.2998046875
-16.2597656250
-16.2197265625
-16.1796875000
-16.1396484375
-16.0996093750
-16.0595703125
-16.0195312500
-15.9804687500
-15.9404296875
-15.9003906250
-15.8603515625
-15.8203125000
-15.7802734375
-15.7402343750
-15.7001953125
-15.6601562500
-15.6201171875
-15.5800781250
-15.5400390625
-15.5000000000
-15.4599609375
-15.4199218750
-15.3798828125
-15.3398437500
-15.2998046875
-15.2597656250
-15.2197265625
-15.1796875000
-15.1396484375
-15.0996093750
-15.0595703125
-15.0195312500
-14.9804687500
-14.9404296875
-14.9003906250
-14.8603515625
-14.8203125000
-14.7802734375
-14.7402343750
-14.7001953125
-14.6601562500
-14.6201171875
-14.5800781250
-14.5400390625
-14.5000000000
-14.4599609375
-14.4199218750
-14.3798828125
-14.3398437500
-14.2998046875
-14.2597656250
-14.2197265625
-14.1796875000
-14.1396484375
-14.0996093750
-14.0595703125
-14.0195312500
-13.9804687500
-13.9404296875
-13.9003906250
-13.8603515625
-13.8203125000
-13.7802734375
-13.7402343750
-13.7001953125
-13.6601562500
-13.6201171875
-13.5800781250
-13.5400390625
-13.5000000000
-13.4599609375
-13.4199218750
-13.3798828125
-13.3398437500
-13.2998046875
-13.2597656250
-13.2197265625
-13.1796875000
-13.1396484375
-13.0996093750
-13.0595703125
-13.0195312500
-12.9804687500
-12.9404296875
-12.9003906250
-12.8603515625
-12.8203125000
-12.7802734375
-12.7402343750
-12.7001953125
-12.6601562500
-12.6201171875
-12.5800781250
-12.5400390625
-12.5000000000
-12.4599609375
-12.4199218750
-12.3798828125
-12.3398437500
-12.2998046875
-12.2597656250
-12.2197265625
-12.1796875000
-12.1396484375
-12.0996093750
-12.0595703125
-12.0195312500
-11.9804687500
-11.9404296875
-11.9003906250
-11.8603515625
-11.8203125000
-11.7802734375
-11.7402343750
-11.7001953125
-11.6601562500
-11.6201171875
-11.5800781250
-11.5400390625
-11.5000000000
-11.4599609375
-11.4199218750
-11.3798828125
-11.3398437500
-11.2998046875
-11.2597656250
-11.2197265625
-11.1796875000
-11.1396484375
-11.0996093750
-11.0595703125
-11.0195312500
-10.9804687500
-10.9404296875
-10.9003906250
-10.8603515625
-10.8203125000
-10.7802734375
-10.7402343750
-10.7001953125
-10.6601562500
-10.6201171875
-10.5800781250
-10.5400390625
-10.5000000000
-10.4599609375
-10.4199218750
-10.3798828125
-10.3398437500
-10.2998046875
-10.2597656250
-10.2197265625
-10.1796875000
-10.1396484375
-10.0996093750
-10.0595703125
-10.0195312500
-9.9804687500
-9.9404296875
-9.9003906250
-9.8603515625
-9.8203125000
-9.7802734375
-9.7402343750
-9.7001953125
-9.6601562500
-9.6201171875
-9.5800781250
-9.5400390625
-9.5000000000
-9.4599609375
-9.4199218750
-9.3798828125
-9.3398437500
-9.2998046875
-9.2597656250
-9.2197265625
-9.1796875000
-9.1396484375
-9.0996093750
-9.0595703125
-9.0195312500
-8.9804687500
-8.9404296875
-8.9003906250
-8.8603515625
-8.8203125000
-8.7802734375
-8.7402343750
-8.7001953125
-8.6601562500
-8.6201171875
-8.5800781250
-8.5400390625
-8.5000000000
-8.4599609375
-8.4199218750
-8.3798828125
-8.3398437500
-8.2998046875
-8.2597656250
-8.2197265625
-8.1796875000
-8.1396484375
-8.0996093750
-8.0595703125
-8.0195312500
-7.9804687500
-7.9404296875
-7.9003906250
-7.8603515625
-7.8203125000
-7.7802734375
-7.7402343750
-7.7001953125
-7.6601562500
-7.6201171875
-7.5800781250
-7.5400390625
-7.5000000000
-7.4599609375
-7.4199218750
-7.3798828125
-7.3398437500
-7.2998046875
-7.2597656250
-7.2197265625
-7.1796875000
-7.1396484375
-7.0996093750
-7.0595703125
-7.0195312500
-6.9804687500
-6.9404296875
-6.9003906250
-6.8603515625
-6.8203125000
-6.7802734375
-6.7402343750
-6.7001953125
-6.6601562500
-6.6201171875
-6.5800781250
-6.5400390625
-6.5000000000
-6.4599609375
-6.4199218750
-6.3798828125
-6.3398437500
-6.2998046875
-6.2597656250
-6.2197265625
-6.1796875000
-6.1396484375
-6.0996093750
-6.0595703125
-6.0195312500
-5.9804687500
-5.9404296875
-5.9003906250
-5.8603515625
-5.8203125000
-5.7802734375
-5.7402343750
-5.7001953125
-5.6601562500
-5.6201171875
-5.5800781250
-5.5400390625
-5.5000000000
-5.4599609375
-5.4199218750
-5.3798828125
-5.3398437500
-5.2998046875
-5.2597656250
-5.2197265625
-5.1796875000
-5.1396484375
-5.0996093750
-5.0595703125
-5.0195312500
-4.9804687500
-4.9404296875
-4.9003906250
-4.8603515625
-4.8203125000
-4.7802734375
-4.7402343750
-4.7001953125
-4.6601562500
-4.6201171875
-4.5800781250
-4.5400390625
-4.5000000000
-4.4599609375
-4.4199218750
-4.3798828125
-4.3398437500
-4.2998046875
-4.2597656250
-4.2197265625
-4.1796875000
-4.1396484375
-4.0996093750
-4.0595703125
-4.0195312500
-3.9804687500
-3.9404296875
-3.9003906250
-3.8603515625
-3.8203125000
-3.7802734375
-3.7402343750
-3.7001953125
-3.6601562500
-3.6201171875
-3.5800781250
-3.5400390625
-3.5000000000
-3.4599609375
-3.4199218750
-3.3798828125
-3.3398437500
-3.2998046875
-3.2597656250
-3.2197265625
-3.1796875000
-3.1396484375
-3.0996093750
-3.0595703125
-3.0195312500
-2.9804687500
-2.9404296875
-2.9003906250
-2.8603515625
-2.8203125000
-2.7802734375
-2.7402343750
-2.7001953125
-2.6601562500
-2.6201171875
-2.5800781250
-2.5400390625
-2.5000000000
-2.4599609375
-2.4199218750
-2.3798828125
-2.3398437500
-2.2998046875
-2.2597656250
-2.2197265625
-2.1796875000
-2.1396484375
-2.0996093750
-2.0595703125
-2.0195312500
-1.9804687500
-1.9404296875
-1.9003906250
-1.8603515625
-1.8203125000
-1.7802734375
-1.7402343750
-1.7001953125
-1.6601562500
-1.6201171875
-1.5800781250
-1.5400390625
-1.5000000000
-1.4599609375
-1.4199218750
-1.3798828125
-1.3398437500
-1.2998046875
-1.2597656250
-1.2197265625
-1.1796875000
-1.1396484375
-1.0996093750
-1.0595703125
-1.0195312500
-0.9804687500
-0.9404296875
-0.9003906250
-0.8603515625
-0.8203125000
-0.7802734375
-0.7402343750
-0.7001953125
-0.6601562500
-0.6201171875
-0.5800781250
-0.5400390625
-0.5000000000
-0.4599609375
-0.4199218750
-0.3798828125
-0.3398437500
-0.2998046875
-0.2597656250
-0.2197265625
-0.1796875000
-0.1396484375
-0.0996093750
-0.0595703125
-0.0195312500
0.0195312500
0.0595703125
0.0996093750
0.1396484375
0.1796875000
0.2197265625
0.2597656250
0.2998046875
0.3398437500
0.3798828125
0.4199218750
0.4599609375
0.5000000000
0.5400390625
0.5800781250
0.6201171875
0.6601562500
0.7001953125
0.7402343750
0.7802734375
0.8203125000
0.8603515625
0.9003906250
0.9404296875
0.9804687500
1.0195312500
1.0595703125
1.0996093750
1.1396484375
1.1796875000
1.2197265625
1.2597656250
1.2998046875
1.3398437500
1.3798828125
1.4199218750
1.4599609375
1.5000000000
1.5400390625
1.5800781250
1.6201171875
1.6601562500
1.7001953125
1.7402343750
1.7802734375
1.8203125000
1.8603515625
1.9003906250
1.9404296875
1.9804687500
2.0195312500
2.0595703125
2.0996093750
2.1396484375
2.1796875000
2.2197265625
2.2597656250
2.2998046875
2.3398437500
2.3798828125
2.4199218750
2.4599609375
2.5000000000
2.5400390625
2.5800781250
2.6201171875
2.6601562500
2.7001953125
2.7402343750
2.7802734375
2.8203125000
2.8603515625
2.9003906250
2.9404296875
2.9804687500
3.0195312500
3.0595703125
3.0996093750
3.1396484375
3.1796875000
3.2197265625
3.2597656250
3.2998046875
3.3398437500
3.3798828125
3.4199218750
3.4599609375
3.5000000000
3.5400390625
3.5800781250
3.6201171875
3.6601562500
3.7001953125
3.7402343750
3.7802734375
3.8203125000
3.8603515625
3.9003906250
3.9404296875
3.9804687500
4.0195312500
4.0595703125
4.0996093750
4.1396484375
4.1796875000
4.2197265625
4.2597656250
4.2998046875
4.3398437500
4.3798828125
4.4199218750
4.4599609375
4.5000000000
4.5400390625
4.5800781250
4.6201171875
4.6601562500
4.7001953125
4.7402343750
4.7802734375
4.8203125000
4.8603515625
4.9003906250
4.9404296875
4.9804687500
5.0195312500
5.0595703125
5.0996093750
5.1396484375
5.1796875000
5.2197265625
5.2597656250
5.2998046875
5.3398437500
5.3798828125
5.4199218750
5.4599609375
5.5000000000
5.5400390625
5.5800781250
5.6201171875
5.6601562500
5.7001953125
5.7402343750
5.7802734375
5.8203125000
5.8603515625
5.9003906250
5.9404296875
5.9804687500
6.0195312500
6.0595703125
6.0996093750
6.1396484375
6.1796875000
6.2197265625
6.2597656250
6.2998046875
6.3398437500
6.3798828125
6.4199218750
6.4599609375
6.5000000000
6.5400390625
6.5800781250
6.6201171875
6.6601562500
6.7001953125
6.7402343750
6.7802734375
6.8203125000
6.8603515625
6.9003906250
6.9404296875
6.9804687500
7.0195312500
7.0595703125
7.0996093750
7.1396484375
7.1796875000
7.2197265625
7.2597656250
7.2998046875
7.3398437500
7.3798828125
7.4199218750
7.4599609375
7.5000000000
7.5400390625
7.5800781250
7.6201171875
7.6601562500
7.7001953125
7.7402343750
7.7802734375
7.8203125000
7.8603515625
7.9003906250
7.9404296875
7.9804687500
8.0195312500
8.0595703125
8.0996093750
8.1396484375
8.1796875000
8.2197265625
8.2597656250
8.2998046875
8.3398437500
8.3798828125
8.4199218750
8.4599609375
8.5000000000
8.5400390625
8.5800781250
8.6201171875
8.6601562500
8.7001953125
8.7402343750
8.7802734375
8.8203125000
8.8603515625
8.9003906250
8.9404296875
8.9804687500
9.0195312500
9.0595703125
9.0996093750
9.1396484375
9.1796875000
9.2197265625
9.2597656250
9.2998046875
9.3398437500
9.3798828125
9.4199218750
9.4599609375
9.5000000000
9.5400390625
9.5800781250
9.6201171875
9.6601562500
9.7001953125
9.7402343750
9.7802734375
9.8203125000
9.8603515625
9.9003906250
9.9404296875
9.9804687500
10.0195312500
10.0595703125
10.0996093750
10.1396484375
10.1796875000
10.2197265625
10.2597656250
10.2998046875
10.3398437500
10.3798828125
10.4199218750
10.4599609375
10.5000000000
10.5400390625
10.5800781250
10.6201171875
10.6601562500
10.7001953125
10.7402343750
10.7802734375
10.8203125000
10.8603515625
10.9003906250
10.9404296875
10.9804687500
11.0195312500
11.0595703125
11.0996093750
11.1396484375
11.1796875000
11.2197265625
11.2597656250
11.2998046875
11.3398437500
11.3798828125
11.4199218750
11.4599609375
11.5000000000
11.5400390625
11.5800781250
11.6201171875
11.6601562500
11.7001953125
11.7402343750
11.7802734375
11.8203125000
11.8603515625
11.9003906250
11.9404296875
11.9804687500
12.0195312500
12.0595703125
12.0996093750
12.1396484375
12.1796875000
12.2197265625
12.2597656250
12.2998046875
12.3398437500
12.3798828125
12.4199218750
12.4599609375
12.5000000000
12.5400390625
12.5800781250
12.6201171875
12.6601562500
12.7001953125
12.7402343750
12.7802734375
12.8203125000
12.8603515625
12.9003906250
12.9404296875
12.9804687500
13.0195312500
13.0595703125
13.0996093750
13.1396484375
13.1796875000
13.2197265625
13.2597656250
13.2998046875
13.3398437500
13.3798828125
13.4199218750
13.4599609375
13.5000000000
13.5400390625
13.5800781250
13.6201171875
13.6601562500
13.7001953125
13.7402343750
13.7802734375
13.8203125000
13.8603515625
13.9003906250
13.9404296875
13.9804687500
14.0195312500
14.0595703125
14.0996093750
14.1396484375
14.1796875000
14.2197265625
14.2597656250
14.2998046875
14.3398437500
14.3798828125
14.4199218750
14.4599609375
14.5000000000
14.5400390625
14.5800781250
14.6201171875
14.6601562500
14.7001953125
14.7402343750
14.7802734375
14.8203125000
14.8603515625
14.9003906250
14.9404296875
14.9804687500
15.0195312500
15.0595703125
15.0996093750
15.1396484375
15.1796875000
15.2197265625
15.2597656250
15.2998046875
15.3398437500
15.3798828125
15.4199218750
15.4599609375
15.5000000000
15.5400390625
15.5800781250
15.6201171875
15.6601562500
15.7001953125
15.7402343750
15.7802734375
15.8203125000
15.8603515625
15.9003906250
15.9404296875
15.9804687500
16.0195312500
16.0595703125
16.0996093750
16.1396484375
16.1796875000
16.2197265625
16.2597656250
16.2998046875
16.3398437500
16.3798828125
16.4199218750
16.4599609375
16.5000000000
16.5400390625
16.5800781250
16.6201171875
16.6601562500
16.7001953125
16.7402343750
16.7802734375
16.8203125000
16.8603515625
16.9003906250
16.9404296875
16.9804687500
17.0195312500
17.0595703125
17.0996093750
17.1396484375
17.1796875000
17.2197265625
17.2597656250
17.2998046875
17.3398437500
17.3798828125
17.4199218750
17.4599609375
17.5000000000
17.5400390625
17.5800781250
17.6201171875
17.6601562500
17.7001953125
17.7402343750
17.7802734375
17.8203125000
17.8603515625
17.9003906250
17.9404296875
17.9804687500
18.0195312500
18.0595703125
18.0996093750
18.1396484375
18.1796875000
18.2197265625
18.2597656250
18.2998046875
18.3398437500
18.3798828125
18.4199218750
18.4599609375
18.5000000000
18.5400390625
18.5800781250
18.6201171875
18.6601562500
18.7001953125
18.7402343750
18.7802734375
18.8203125000
18.8603515625
18.9003906250
18.9404296875
18.9804687500
19.0195312500
19.0595703125
19.0996093750
19.1396484375
19.1796875000
19.2197265625
19.2597656250
19.2998046875
19.3398437500
19.3798828125
19.4199218750
19.4599609375
19.5000000000
19.5400390625
19.5800781250
19.6201171875
19.6601562500
19.7001953125
19.7402343750
19.7802734375
19.8203125000
19.8603515625
19.9003906250
19.9404296875
19.9804687500
20.0195312500
20.0595703125
20.0996093750
20.1396484375
20.1796875000
20.2197265625
20.2597656250
20.2998046875
20.3398437500
20.3798828125
20.4199218750
20.4599609375
20.5000000000
20.5400390625
20.5800781250
20.6201171875
20.6601562500
20.7001953125
20.7402343750
20.7802734375
20.8203125000
20.8603515625
20.9003906250
20.9404296875
20.9804687500
21.0195312500
21.0595703125
21.0996093750
21.1396484375
21.1796875000
21.2197265625
21.2597656250
21.2998046875
21.3398437500
21.3798828125
21.4199218750
21.4599609375
21.5000000000
21.5400390625
21.5800781250
21.6201171875
21.6601562500
21.7001953125
21.7402343750
21.7802734375
21.8203125000
21.8603515625
21.9003906250
21.9404296875
21.9804687500
22.0195312500
22.0595703125
22.0996093750
22.1396484375
22.1796875000
22.2197265625
22.2597656250
22.2998046875
22.3398437500
22.3798828125
22.4199218750
22.4599609375
22.5000000000
22.5400390625
22.5800781250
22.6201171875
22.6601562500
22.7001953125
22.7402343750
22.7802734375
22.8203125000
22.8603515625
22.9003906250
22.9404296875
22.9804687500
23.0195312500
23.0595703125
23.0996093750
23.1396484375
23.1796875000
23.2197265625
23.2597656250
23.2998046875
23.3398437500
23.3798828125
23.4199218750
23.4599609375
23.5000000000
23.5400390625
23.5800781250
23.6201171875
23.6601562500
23.7001953125
23.7402343750
23.7802734375
23.8203125000
23.8603515625
23.9003906250
23.9404296875
23.9804687500
24.0195312500
24.0595703125
24.0996093750
24.1396484375
24.1796875000
24.2197265625
24.2597656250
24.2998046875
24.3398437500
24.3798828125
24.4199218750
24.4599609375
24.5000000000
24.5400390625
24.5800781250
24.6201171875
24.6601562500
24.7001953125
24.7402343750
24.7802734375
24.8203125000
24.8603515625
24.9003906250
24.9404296875
24.9804687500
25.0195312500
25.0595703125
25.0996093750
25.1396484375
25.1796875000
25.2197265625
25.2597656250
25.2998046875
25.3398437500
25.3798828125
25.4199218750
25.4599609375
25.5000000000
25.5400390625
25.5800781250
25.6201171875
25.6601562500
25.7001953125
25.7402343750
25.7802734375
25.8203125000
25.8603515625
25.9003906250
25.9404296875
25.9804687500
26.0195312500
26.0595703125
26.0996093750
26.1396484375
26.1796875000
26.2197265625
26.2597656250
26.2998046875
26.3398437500
26.3798828125
26.4199218750
26.4599609375
26.5000000000
26.5400390625
26.5800781250
26.6201171875
26.6601562500
26.7001953125
26.7402343750
26.7802734375
26.8203125000
26.8603515625
26.9003906250
26.9404296875
26.9804687500
27.0195312500
27.0595703125
27.0996093750
27.1396484375
27.1796875000
27.2197265625
27.2597656250
27.2998046875
27.3398437500
27.3798828125
27.4199218750
27.4599609375
27.5000000000
27.5400390625
27.5800781250
27.6201171875
27.6601562500
27.7001953125
27.7402343750
27.7802734375
27.8203125000
27.8603515625
27.9003906250
27.9404296875
27.9804687500
28.0195312500
28.0595703125
28.0996093750
28.1396484375
28.1796875000
28.2197265625
28.2597656250
28.2998046875
28.3398437500
28.3798828125
28.4199218750
28.4599609375
28.5000000000
28.5400390625
28.5800781250
28.6201171875
28.6601562500
28.7001953125
28.7402343750
28.7802734375
28.8203125000
28.8603515625
28.9003906250
28.9404296875
28.9804687500
29.0195312500
29.0595703125
29.0996093750
29.1396484375
29.1796875000
29.2197265625
29.2597656250
29.2998046875
29.3398437500
29.3798828125
29.4199218750
29.4599609375
29.5000000000
29.5400390625
29.5800781250
29.6201171875
29.6601562500
29.7001953125
29.7402343750
29.7802734375
29.8203125000
29.8603515625
29.9003906250
29.9404296875
29.9804687500
30.0195312500
30.0595703125
30.0996093750
30.1396484375
30.1796875000
30.2197265625
30.2597656250
30.2998046875
30.3398437500
30.3798828125
30.4199218750
30.4599609375
30.5000000000
30.5400390625
30.5800781250
30.6201171875
30.6601562500
30.7001953125
30.7402343750
30.7802734375
30.8203125000
30.8603515625
30.9003906250
30.9404296875
30.9804687500
31.0195312500
31.0595703125
31.0996093750
31.1396484375
31.1796875000
31.2197265625
31.2597656250
31.2998046875
31.3398437500
31.3798828125
31.4199218750
31.4599609375
31.5000000000
31.5400390625
31.5800781250
31.6201171875
31.6601562500
31.7001953125
31.7402343750
31.7802734375
31.8203125000
31.8603515625
31.9003906250
31.9404296875
31.9804687500
32.0195312500
32.0595703125
32.0996093750
32.1396484375
32.1796875000
32.2197265625
32.2597656250
32.2998046875
32.3398437500
32.3798828125
32.4199218750
32.4599609375
32.5000000000
32.5400390625
32.5800781250
32.6201171875
32.6601562500
32.7001953125
32.7402343750
32.7802734375
32.8203125000
32.8603515625
32.9003906250
32.9404296875
32.9804687500
33.0195312500
33.0595703125
33.0996093750
33.1396484375
33.1796875000
33.2197265625
33.2597656250
33.2998046875
33.3398437500
33.3798828125
33.4199218750
33.4599609375
33.5000000000
33.5400390625
33.5800781250
33.6201171875
33.6601562500
33.7001953125
33.7402343750
33.7802734375
33.8203125000
33.8603515625
33.9003906250
33.9404296875
33.9804687500
34.0195312500
34.0595703125
34.0996093750
34.1396484375
34.1796875000
34.2197265625
34.2597656250
34.2998046875
34.3398437500
34.3798828125
34.4199218750
34.4599609375
34.5000000000
34.5400390625
34.5800781250
34.6201171875
34.6601562500
34.7001953125
34.7402343750
34.7802734375
34.8203125000
34.8603515625
34.9003906250
34.9404296875
34.9804687500
35.0195312500
35.0595703125
35.0996093750
35.1396484375
35.1796875000
35.2197265625
35.2597656250
35.2998046875
35.3398437500
35.3798828125
35.4199218750
35.4599609375
35.5000000000
35.5400390625
35.5800781250
35.6201171875
35.6601562500
35.7001953125
35.7402343750
35.7802734375
35.8203125000
35.8603515625
35.9003906250
35.9404296875
35.9804687500
36.0195312500
36.0595703125
36.0996093750
36.1396484375
36.1796875000
36.2197265625
36.2597656250
36.2998046875
36.3398437500
36.3798828125
36.4199218750
36.4599609375
36.5000000000
36.5400390625
36.5800781250
36.6201171875
36.6601562500
36.7001953125
36.7402343750
36.7802734375
36.8203125000
36.8603515625
36.9003906250
36.9404296875
36.9804687500
37.0195312500
37.0595703125
37.0996093750
37.1396484375
37.1796875000
37.2197265625
37.2597656250
37.2998046875
37.3398437500
37.3798828125
37.4199218750
37.4599609375
37.5000000000
37.5400390625
37.5800781250
37.6201171875
37.6601562500
37.7001953125
37.7402343750
37.7802734375
37.8203125000
37.8603515625
37.9003906250
37.9404296875
37.9804687500
38.0195312500
38.0595703125
38.0996093750
38.1396484375
38.1796875000
38.2197265625
38.2597656250
38.2998046875
38.3398437500
38.3798828125
38.4199218750
38.4599609375
38.5000000000
38.5400390625
38.5800781250
38.6201171875
38.6601562500
38.7001953125
38.7402343750
38.7802734375
38.8203125000
38.8603515625
38.9003906250
38.9404296875
38.9804687500
39.0195312500
39.0595703125
39.0996093750
39.1396484375
39.1796875000
39.2197265625
39.2597656250
39.2998046875
39.3398437500
39.3798828125
39.4199218750
39.4599609375
39.5000000000
39.5400390625
39.5800781250
39.6201171875
39.6601562500
39.7001953125
39.7402343750
39.7802734375
39.8203125000
39.8603515625
39.9003906250
39.9404296875
39.9804687500
40.0195312500
40.0595703125
40.0996093750
40.1396484375
40.1796875000
40.2197265625
40.2597656250
40.2998046875
40.3398437500
40.3798828125
40.4199218750
40.4599609375
